	PD_whole_tree	chao1	observed_species	shannon	simpson
D03C01B2T	24.97532	606.590163934	501.0	5.82613298073	0.951388595207
D03C03B2T	26.00859	641.0	502.0	6.18171272673	0.965278693211
D03C04B2T	23.74579	510.888888889	440.0	5.72820243398	0.947083456627
D03C05B2T	21.02471	479.131147541	412.0	5.50508127329	0.952991909883
D03C06B2T	26.29179	617.25862069	490.0	5.88733899651	0.9535498233
D03C09B2T	29.63819	699.081967213	553.0	5.52738026701	0.929013890576
D03C11B2T	21.75403	439.0	348.0	5.45601461604	0.935747240479
D03C14B2T	34.99256	770.0	615.0	6.05434599104	0.963109793398
D03C16B2T	24.37484	520.0	425.0	6.20478755256	0.975995520502
D03C17B2T	24.59376	534.275	413.0	6.02064734168	0.963983619917
D03C19B2T	20.89816	419.622222222	344.0	5.1197225133	0.907127066298
D03C21B2T	12.15272	301.8	231.0	4.5032741477	0.879159596556
D03C22B2T	25.78048	646.132075472	478.0	5.80680906686	0.965781070639
D03C24B2T	23.06434	445.068181818	362.0	5.63070305558	0.94189288857
D03C25B2T	24.77216	559.20754717	401.0	5.72756796345	0.961316931169
D03C27B2T	25.21016	635.358490566	482.0	5.40515007056	0.933580269955
D03C30B2T	10.17853	147.041666667	102.0	2.54764317899	0.657599561752
D03C31B2T	26.97801	657.466666667	488.0	6.32152632313	0.970782672014
D03C32B2T	11.32752	225.157894737	192.0	5.37746877474	0.938155266466
D03C33B2T	23.23603	488.72	405.0	5.6610532472	0.965292512104
D03C35B2T	24.62284	507.442622951	453.0	5.57575444773	0.967025353248
D03C38B2T	8.23329	144.6	104.0	5.46471309952	0.968091740834
D03C40B2T	28.31751	766.780821918	570.0	5.96326626525	0.956858102975
D03C41B2T	19.58578	416.651162791	315.0	5.7197787925	0.955271770697
D03C42B2T	8.95948	190.5	148.0	5.14459769052	0.93286188909
D03C43B2T	19.28368	484.8	354.0	4.07959686315	0.861953693899
D03C46B2T	14.26899	290.206896552	239.0	5.00112753263	0.912559582752
D03C47B2T	21.82094	464.294117647	369.0	4.79447958851	0.89091666037
D03C48B2T	17.1601	388.441176471	309.0	4.9994177519	0.911047663508
D03C49B2T	22.08666	458.319148936	375.0	5.71857289206	0.956778592728
D03C51B2T	24.14831	555.021276596	458.0	5.00254239786	0.904534390305
D03C52B2T	10.47386	236.965517241	193.0	3.22941810084	0.81760794627
D03C54B2T	7.93432	188.5	163.0	3.16696145202	0.811097504242
D03C56B2T	8.88972	205.0	154.0	3.03388549341	0.800926096852
D03C57B2T	15.68271	392.066666667	307.0	3.74897128423	0.852312999634
D03C58B2T	20.96534	428.534883721	364.0	3.38271739428	0.819000545059
D03C59B2T	11.78119	296.03030303	233.0	3.09096805867	0.79412507589
D03C62B2T	8.86183	201.516129032	162.0	2.9846075993	0.800043488448
D03C64B2T	12.31525	291.636363636	212.0	2.9831076878	0.793463004311
D06C01B2T	23.99307	540.4	424.0	5.79322629902	0.944510979707
D06C03B2T	29.05925	643.041666667	552.0	6.3281080754	0.964578751607
D06C04B2T	12.82962	296.076923077	228.0	3.1505786021	0.808841278126
D06C05B2T	22.81234	561.666666667	438.0	5.66162360522	0.946611944687
D06C06B2T	19.94834	549.263157895	419.0	5.49766640523	0.932933238535
D06C08B2T	15.15567	326.5	244.0	4.42247139797	0.902288710093
D06C09B2T	25.45945	621.163265306	473.0	5.70078824286	0.943053152851
D06C11B2T	16.60931	411.941176471	275.0	5.87582967739	0.969658290486
D06C14B2T	23.46089	537.229508197	446.0	5.96681527666	0.972518296449
D06C16B2T	13.17112	251.230769231	192.0	2.95122626046	0.785421963091
D06C17B2T	11.23719	249.12	204.0	3.67174671321	0.830181615152
D06C19B2T	21.59073	548.181818182	389.0	5.49835991335	0.950945552375
D06C21B2T	15.1358	332.026315789	259.0	3.05059988316	0.797290765121
D06C22B2T	19.98645	459.75	396.0	6.45257651692	0.980409959393
D06C24B2T	25.75563	603.347826087	505.0	5.94189318628	0.959093427889
D06C25B2T	9.593	198.913043478	165.0	3.03747277323	0.793293034413
D06C27B2T	19.89725	390.285714286	316.0	5.28940756427	0.94265558791
D06C30B2T	20.98521	402.133333333	319.0	5.44661060569	0.937643459787
D06C31B2T	7.46724	233.545454545	161.0	3.43622168072	0.823999546734
D06C32B2T	21.50955	547.0	388.0	5.79786229191	0.954257103087
D06C33B2T	23.40137	547.028571429	414.0	5.88242391887	0.950160525762
D06C35B2T	13.57385	318.363636364	232.0	3.08012317003	0.790358487698
D06C38B2T	20.29624	531.162162162	375.0	5.66829044245	0.958115755701
D06C40B2T	11.99433	345.04	228.0	4.58234837273	0.944464898711
D06C41B2T	9.55054	263.153846154	180.0	4.94642143233	0.9501771736
D06C42B2T	20.71357	480.6875	347.0	5.19695438458	0.922955291748
D06C43B2T	23.38015	472.0	396.0	5.03861356448	0.927525202224
D06C46B2T	10.28019	207.5	125.0	5.72860159994	0.968700271176
D06C48B2T	25.23587	557.714285714	397.0	5.66874569357	0.968354275309
D06C49B2T	9.88992	237.066666667	165.0	3.27104371384	0.824489199884
D06C51B2T	9.57267	246.666666667	165.0	3.10269621823	0.805307385818
D06C52B2T	11.41103	266.391304348	192.0	3.19133693536	0.818512614711
D06C54B2T	13.39291	285.03125	218.0	3.14409227228	0.805739922278
D06C56B2T	9.49047	163.884615385	141.0	2.92317373189	0.772830989622
D06C57B2T	15.59637	347.146341463	258.0	3.00804125248	0.79111440246
D06C58B2T	13.99184	310.714285714	232.0	3.27367724219	0.817344597973
D06C59B2T	16.20331	294.441860465	235.0	3.15176704255	0.808550944477
D06C62B2T	9.68931	231.235294118	183.0	3.24770092798	0.816563005383
D06C64B2T	15.17432	385.363636364	299.0	3.30795892446	0.817684598701
D13C01B2T	8.56245	155.055555556	122.0	5.45458672597	0.955450257777
D13C04B2T	9.72758	181.2	146.0	5.95865361115	0.974176948489
D13C05B2T	10.41372	204.913043478	171.0	3.5364258839	0.825497131603
D13C08B2T	9.42198	255.4	177.0	5.59050319244	0.957138954782
D13C09B2T	10.91908	220.476190476	169.0	3.64742388155	0.83707906771
D13C11B2T	9.51195	222.5	149.0	5.56270346525	0.964062000072
D13C14B2T	10.29777	226.476190476	175.0	5.67531092375	0.958719389382
D13C16B2T	12.01492	279.033333333	222.0	3.62176709916	0.837182543317
D13C17B2T	12.57462	224.387096774	188.0	5.7696648988	0.961012986798
D13C19B2T	15.12125	305.434782609	250.0	6.06751260845	0.969949516023
D13C21B2T	15.65095	406.0	301.0	2.9213855523	0.779249118588
D13C22B2T	11.19291	238.833333333	168.0	5.31223221654	0.954334632603
D13C24B2T	14.5058	326.076923077	253.0	5.24318113689	0.9561057991
D13C25B2T	8.89964	231.25	157.0	2.95727903792	0.789332498201
D13C30B2T	28.65235	961.457446809	719.0	5.38014788273	0.932341267059
D13C31B2T	23.57437	616.888888889	464.0	6.4027395895	0.970873930302
D13C32B2T	20.28599	520.277777778	404.0	5.92007153924	0.970863068049
D13C33B2T	16.63302	355.666666667	237.0	5.72823642754	0.951334778507
D13C35B2T	9.56304	215.0	145.0	5.28270923962	0.953692683091
D13C38B2T	30.13717	893.25	667.0	6.22296949383	0.972520323556
D13C42B2T	20.71264	517.528301887	396.0	6.66106161932	0.970182367924
D13C43B2T	14.84455	517.87804878	358.0	6.10463636626	0.978288917047
D13C46B2T	16.609	366.583333333	281.0	5.10533584601	0.940563230683
D13C48B2T	12.42349	284.8	199.0	3.07260785988	0.796504722793
D13C54B2T	13.57029	270.416666667	213.0	3.26007774503	0.79938060263
D13C56B2T	13.2345	307.516129032	203.0	4.91170341023	0.879827851871
D13C58B2T	18.33553	457.75	339.0	5.51684644432	0.932321662821
D13C59B2T	43.60141	1382.94957983	1089.0	7.00222021294	0.983755383349
D13C62B2T	23.16038	596.307692308	459.0	5.09478359539	0.952729673684
D13C64B2T	13.69905	369.714285714	223.0	3.65832303361	0.832808724092
TJPBXD03C01B1C	11.94545	243.903225806	196.0	5.92199583844	0.969340510877
TJPBXD03C01B1I	14.85804	369.285714286	278.0	5.44547700126	0.959303909265
TJPBXD03C01B2C	14.76363	312.212765957	284.0	4.56724223333	0.912629782303
TJPBXD03C01B2I	10.03403	275.04	222.0	4.82140891861	0.948521856885
TJPBXD03C03B1C	14.59809	399.142857143	274.0	5.49980292293	0.950423745148
TJPBXD03C03B1I	6.52444	186.0	117.0	4.15287190656	0.928431932814
TJPBXD03C03B2C	10.81336	262.416666667	205.0	4.60349491333	0.927624625612
TJPBXD03C04B1C	6.43043	155.0	103.0	5.11796429914	0.936431434877
TJPBXD03C04B1I	5.8414	121.0	61.0	1.04901457128	0.492614228291
TJPBXD03C04B2C	9.91175	228.538461538	197.0	5.01345616523	0.93215289927
TJPBXD03C04B2I	5.8127	80.5	55.0	2.98010753866	0.743474427764
TJPBXD03C05B1C	12.26681	370.105263158	243.0	4.48190955193	0.901441983372
TJPBXD03C05B1I	6.6787	138.090909091	93.0	2.36772145087	0.652498695483
TJPBXD03C05B2C	10.2748	267.0	224.0	4.96571218728	0.938763076625
TJPBXD03C05B2I	5.95268	133.153846154	95.0	3.7286263852	0.805700572872
TJPBXD03C06B1C	11.98893	359.625	249.0	5.77195519184	0.965995378259
TJPBXD03C06B2C	9.68125	223.05	169.0	4.1627192957	0.894018065255
TJPBXD03C06B2I	8.97324	197.363636364	154.0	4.72646183177	0.94694722133
TJPBXD03C08B1C	9.95788	225.0	188.0	3.99945976403	0.846482396379
TJPBXD03C08B2C	10.89176	347.333333333	222.0	4.50781829838	0.886789954155
TJPBXD03C09B1C	11.65921	321.333333333	249.0	4.81125702375	0.93361827782
TJPBXD03C09B2C	9.49593	225.055555556	186.0	4.44701564726	0.907519268232
TJPBXD03C09B2I	6.9499	150.153846154	107.0	3.78286499413	0.856931860042
TJPBXD03C11B1C	11.66663	331.055555556	226.0	5.07689486375	0.934959510011
TJPBXD03C11B1I	9.21783	213.0	183.0	4.44264397286	0.936249273361
TJPBXD03C11B2C	12.78138	331.913043478	247.0	4.85527044254	0.924978070528
TJPBXD03C11B2I	12.45225	326.171428571	263.0	5.69873012089	0.965091098874
TJPBXD03C14B1C	10.41808	254.384615385	211.0	4.51014143166	0.901527135932
TJPBXD03C14B1I	9.41108	192.125	139.0	5.01481138438	0.912482899156
TJPBXD03C14B2C	14.26403	356.0	287.0	5.422816732	0.960470583503
TJPBXD03C16B1C	10.50685	268.617647059	220.0	5.34553296773	0.938026363347
TJPBXD03C16B1I	8.6304	211.285714286	162.0	3.48782609166	0.83901373416
TJPBXD03C16B2C	11.61223	321.785714286	238.0	4.49717531248	0.901391653273
TJPBXD03C16B2I	7.75626	181.5	84.0	2.55129954987	0.678263422476
TJPBXD03C17B1C	12.55097	321.217391304	259.0	5.52050150943	0.962770103962
TJPBXD03C17B1I	5.0574	80.5	43.0	1.22306465931	0.50648695359
TJPBXD03C17B2C	11.8702	319.84	256.0	4.87883305719	0.926224686406
TJPBXD03C19B1C	11.80225	349.65625	272.0	5.05846764352	0.933019572893
TJPBXD03C19B2C	11.01993	303.588235294	240.0	4.93990247946	0.928726791408
TJPBXD03C19B2I	3.62224	79.0	45.0	3.31437088504	0.817022410848
TJPBXD03C21B1I	7.47624	117.105263158	100.0	4.28601037591	0.936540824106
TJPBXD03C21B2C	11.3374	369.8	242.0	4.65229240795	0.913924287745
TJPBXD03C21B2I	7.56349	177.142857143	140.0	4.61954969771	0.943147692054
TJPBXD03C22B1C	10.81763	275.391304348	206.0	4.41695645988	0.909769331887
TJPBXD03C22B2C	10.81943	296.352941176	209.0	3.86819708538	0.837988292162
TJPBXD03C22B2I	11.74164	231.357142857	184.0	4.37168967202	0.922559948104
TJPBXD03C24B1C	13.21526	393.275862069	295.0	5.82250507703	0.964636748393
TJPBXD03C24B1I	13.30539	291.666666667	259.0	5.36887177594	0.966616622844
TJPBXD03C24B2C	13.54419	381.730769231	275.0	5.39134703895	0.957335520922
TJPBXD03C24B2I	9.7225	245.0	202.0	4.90499293397	0.948882743101
TJPBXD03C25B1C	9.86362	231.115384615	184.0	4.76954325579	0.934993306822
TJPBXD03C25B1I	8.09747	127.0625	92.0	3.8340912367	0.888760183108
TJPBXD03C25B2C	11.65044	337.375	248.0	4.57940029904	0.904132472544
TJPBXD03C25B2I	8.69859	192.375	168.0	2.89645916991	0.683605534576
TJPBXD03C27B1C	11.13519	301.903225806	254.0	4.97885154326	0.926722332369
TJPBXD03C27B1I	10.5082	255.2	182.0	4.00801259946	0.880357424091
TJPBXD03C27B2C	10.94536	345.12	267.0	5.69691707879	0.951760966847
TJPBXD03C27B2I	6.76945	141.619047619	118.0	4.49039278341	0.864229544308
TJPBXD03C30B1C	15.12862	377.043478261	269.0	5.52485395738	0.960426916207
TJPBXD03C30B1I	11.04825	241.555555556	196.0	4.13620248049	0.835596257042
TJPBXD03C30B2C	9.22937	266.076923077	156.0	5.24448572455	0.944317865261
TJPBXD03C30B2I	8.64405	204.8125	151.0	4.98451884179	0.951940458239
TJPBXD03C31B1C	10.3918	364.043478261	265.0	5.83996942712	0.965134668163
TJPBXD03C31B2C	11.83376	418.666666667	287.0	5.34988100044	0.958382871978
TJPBXD03C31B2I	4.61433	68.7692307692	57.0	2.59659421937	0.691233414631
TJPBXD03C32B1C	10.70592	318.09375	249.0	4.88484513756	0.913192527725
TJPBXD03C32B2C	11.22568	337.037037037	267.0	4.7950689448	0.922793806374
TJPBXD03C33B1C	10.78536	245.0	200.0	5.22949906088	0.946453403091
TJPBXD03C33B1I	6.41118	112.769230769	77.0	3.89377718282	0.855216206512
TJPBXD03C33B2C	10.75406	306.565217391	242.0	4.1766486039	0.861017503929
TJPBXD03C33B2I	8.63303	219.05	165.0	4.50211087924	0.890125130187
TJPBXD03C35B1C	12.58749	402.869565217	262.0	5.62890608095	0.963660344065
TJPBXD03C35B1I	8.17984	167.0	132.0	4.59554798774	0.916926441036
TJPBXD03C35B2C	10.92198	270.5	204.0	4.47615093677	0.918806757313
TJPBXD03C35B2I	8.11025	188.461538462	140.0	3.45487891067	0.767301406919
TJPBXD03C38B1C	9.73419	307.965517241	234.0	4.56240518056	0.918646646736
TJPBXD03C38B1I	7.07602	139.0	87.0	2.96225665503	0.709632339265
TJPBXD03C38B2C	10.89799	356.0	226.0	4.80830751845	0.922002038955
TJPBXD03C40B1C	13.01675	323.731707317	273.0	5.57457544365	0.957154388328
TJPBXD03C40B1I	8.25857	255.75	132.0	3.19453782648	0.745336697064
TJPBXD03C40B2C	11.13052	336.037037037	259.0	5.43064504847	0.95376748515
TJPBXD03C40B2I	8.10733	190.444444444	157.0	4.35035134076	0.936736057188
TJPBXD03C41B1C	11.50389	342.117647059	238.0	5.51538033826	0.958934054036
TJPBXD03C41B2C	9.27017	208.166666667	174.0	3.65919811021	0.842531323694
TJPBXD03C42B1C	11.65484	332.171428571	255.0	4.82027399535	0.924283519253
TJPBXD03C42B1I	7.88449	198.272727273	141.0	4.78800731261	0.900034302989
TJPBXD03C42B2C	11.40703	318.5	227.0	4.23436698881	0.888173828976
TJPBXD03C43B1C	10.48117	341.058823529	211.0	4.48563939732	0.892178495222
TJPBXD03C43B1I	6.85412	194.3	124.0	3.1929038949	0.765838459665
TJPBXD03C43B2C	11.21787	324.181818182	241.0	5.37376223774	0.928589339961
TJPBXD03C46B1C	10.80437	328.526315789	229.0	4.86728497411	0.928752044848
TJPBXD03C46B1I	12.67385	338.058823529	252.0	5.3434995276	0.958392357573
TJPBXD03C46B2C	12.11623	326.789473684	257.0	5.09932453903	0.937468533865
TJPBXD03C46B2I	11.56208	283.096774194	216.0	3.18986640157	0.739783269682
TJPBXD03C47B1C	9.59684	260.214285714	183.0	3.43257055741	0.732690705395
TJPBXD03C47B1I	13.98096	351.757575758	256.0	5.16475998291	0.940788087222
TJPBXD03C47B2C	10.15166	285.55	214.0	4.63306886995	0.92325355158
TJPBXD03C47B2I	14.02818	272.090909091	222.0	6.49506309771	0.982203390715
TJPBXD03C48B1C	13.61432	360.025641026	285.0	5.22543563858	0.950755714009
TJPBXD03C48B1I	6.31289	103.333333333	88.0	2.96262059361	0.794834255297
TJPBXD03C48B2C	12.14231	289.25	215.0	5.18245813174	0.938280887215
TJPBXD03C48B2I	9.11185	159.047619048	120.0	3.92364545752	0.816671866897
TJPBXD03C49B1C	10.19008	246.047619048	201.0	5.2104777413	0.943989996425
TJPBXD03C49B1I	8.36434	223.5	150.0	3.79029870868	0.875432832282
TJPBXD03C49B2C	7.67928	186.052631579	145.0	3.94591482963	0.895409095428
TJPBXD03C49B2I	5.95056	127.0	94.0	2.4324664053	0.682165086693
TJPBXD03C51B1C	9.53671	233.105263158	181.0	4.32767301782	0.907676363281
TJPBXD03C51B1I	8.3838	186.230769231	120.0	5.09976056449	0.951006720233
TJPBXD03C51B2C	11.88581	331.5	234.0	4.55847747006	0.899499693933
TJPBXD03C52B1C	10.72779	245.454545455	210.0	5.05429224346	0.939279464442
TJPBXD03C52B1I	7.27359	186.260869565	133.0	3.81274502485	0.850418570375
TJPBXD03C52B2C	15.14209	431.9375	323.0	5.21631326596	0.94827672559
TJPBXD03C54B1C	9.93843	202.166666667	161.0	3.70292332497	0.849521657823
TJPBXD03C54B1I	9.01492	186.0	145.0	4.80865323187	0.950394060647
TJPBXD03C54B2C	12.42699	300.473684211	236.0	4.63739158858	0.914241350891
TJPBXD03C54B2I	8.76994	228.166666667	164.0	5.6656533362	0.935410903102
TJPBXD03C56B1C	19.97906	457.0	343.0	5.8255173505	0.959552183598
TJPBXD03C56B1I	7.14726	149.555555556	127.0	2.40081078863	0.637781610496
TJPBXD03C56B2C	10.16156	257.0	204.0	4.662933384	0.919432281908
TJPBXD03C57B1C	10.44452	301.875	219.0	4.53150654819	0.916707852257
TJPBXD03C57B1I	8.24095	221.230769231	127.0	3.55376525648	0.817503153489
TJPBXD03C57B2C	10.77254	341.230769231	251.0	5.45347811553	0.956461763693
TJPBXD03C57B2I	5.74395	120.714285714	65.0	1.57265669102	0.547517364159
TJPBXD03C58B1C	14.91687	370.903225806	293.0	4.99167606427	0.919361455823
TJPBXD03C58B1I	8.57591	234.714285714	156.0	4.83465645335	0.933824116008
TJPBXD03C58B2C	12.77608	305.391304348	231.0	4.41228312795	0.910403942772
TJPBXD03C58B2I	10.58533	218.5	169.0	4.61238916985	0.901272314358
TJPBXD03C59B1C	12.35268	344.24137931	268.0	5.49487819905	0.961527607859
TJPBXD03C59B2C	8.30855	247.647058824	192.0	5.31088273997	0.947478932832
TJPBXD03C62B1C	10.76962	242.37037037	212.0	5.12067039225	0.933272776986
TJPBXD03C62B1I	7.98802	209.0	157.0	5.08715016357	0.956456422022
TJPBXD03C62B2C	11.26891	330.0	254.0	5.04516199635	0.920173427891
TJPBXD03C62B2I	8.01808	192.176470588	153.0	3.75838251663	0.824965869153
TJPBXD03C64B1C	13.33682	326.103448276	263.0	5.0377622818	0.923335742521
TJPBXD03C64B1I	8.89026	156.789473684	107.0	1.92112948857	0.651579884544
TJPBXD03C64B2C	13.55112	368.303030303	293.0	5.75631231153	0.960565153151
TJPBXD03C64B2I	13.87552	310.0	243.0	3.48399774725	0.815893809676
TJPBXD06C01B1C	10.80295	317.483870968	244.0	4.72301100516	0.923435836609
TJPBXD06C01B1I	12.86883	360.344827586	243.0	4.55686587231	0.939804246617
TJPBXD06C01B2C	9.73018	249.25	175.0	5.26739612299	0.959232009528
TJPBXD06C01B2I	9.91335	375.0	159.0	2.63283567601	0.672902089096
TJPBXD06C03B1C	14.19523	301.6	172.0	3.92747692997	0.903001320084
TJPBXD06C03B1I	8.70613	158.1	102.0	3.15995558191	0.760188253432
TJPBXD06C03B2C	19.58995	480.5	311.0	5.49248871427	0.959666833053
TJPBXD06C03B2I	6.72837	143.857142857	73.0	1.68250559185	0.559801974797
TJPBXD06C04B1C	22.6129	396.553191489	269.0	5.32963383578	0.956104142278
TJPBXD06C04B1I	7.09312	120.0	97.0	4.43045837349	0.945308495248
TJPBXD06C04B2C	35.91656	868.428571429	432.0	5.27133692365	0.95442401402
TJPBXD06C04B2I	10.67222	198.25	157.0	3.20596575003	0.767326250334
TJPBXD06C05B1C	26.36954	1009.55555556	294.0	4.54312946574	0.900704812701
TJPBXD06C05B1I	8.69134	177.045454545	130.0	3.72077298012	0.851693627194
TJPBXD06C05B2C	35.64248	1173.73333333	437.0	4.78988335181	0.909511474083
TJPBXD06C05B2I	5.48706	108.5	71.0	4.19602573652	0.887713555426
TJPBXD06C06B1C	12.67215	312.791666667	234.0	5.34764165727	0.945809750312
TJPBXD06C06B1I	21.92423	497.055555556	322.0	2.70782354152	0.651269001082
TJPBXD06C06B2C	10.86033	290.8	205.0	4.77029739725	0.912218610165
TJPBXD06C08B1C	22.00636	510.0	345.0	5.38732770677	0.9521796117
TJPBXD06C08B1I	5.3938	142.2	107.0	4.58022556763	0.943200926035
TJPBXD06C08B2C	21.37698	526.5	330.0	4.74381148747	0.908065644165
TJPBXD06C09B1C	18.09386	418.6875	285.0	5.1623909073	0.947768352248
TJPBXD06C09B1I	5.68008	83.1	66.0	4.19125743061	0.935605370186
TJPBXD06C09B2C	18.86547	420.486486486	284.0	4.67280542752	0.90978328539
TJPBXD06C09B2I	8.8361	199.8125	146.0	3.89058912158	0.885987784597
TJPBXD06C11B1C	10.21123	250.166666667	186.0	3.90113262864	0.822058483633
TJPBXD06C11B1I	19.74085	697.0	331.0	6.08396622877	0.963547578384
TJPBXD06C11B2C	10.91076	273.5	185.0	4.76180268787	0.932345039427
TJPBXD06C11B2I	12.48672	339.0	210.0	3.65158518506	0.8267441056
TJPBXD06C14B1C	9.54684	210.5	161.0	3.78985281027	0.867552741238
TJPBXD06C14B1I	19.20946	462.675675676	243.0	4.29784873765	0.897727991414
TJPBXD06C14B2C	9.74093	200.434782609	163.0	4.33293564044	0.925075369912
TJPBXD06C14B2I	16.39349	342.96875	182.0	1.72532984944	0.607399163257
TJPBXD06C16B1C	33.61497	931.03125	464.0	4.7791812255	0.933836484341
TJPBXD06C16B1I	6.38486	160.157894737	127.0	3.25350116251	0.778205442892
TJPBXD06C16B2C	28.47189	693.97826087	363.0	5.17590665749	0.938936282512
TJPBXD06C16B2I	7.82866	176.428571429	141.0	3.7115130521	0.858599575779
TJPBXD06C17B1C	23.09292	627.15	321.0	6.23738262139	0.975217325347
TJPBXD06C17B1I	9.10884	190.0	157.0	4.18898652925	0.927578572799
TJPBXD06C17B2C	24.74984	613.0	331.0	5.07439064206	0.951654384971
TJPBXD06C19B1C	23.44726	613.976744186	361.0	5.14374113933	0.952528223277
TJPBXD06C19B1I	11.15457	200.0	147.0	3.94826646305	0.889256340582
TJPBXD06C19B2C	22.76027	510.918367347	318.0	4.54455532783	0.915771847236
TJPBXD06C19B2I	7.88916	189.166666667	139.0	4.04357798301	0.915998393757
TJPBXD06C21B1C	26.3734	653.230769231	419.0	3.22476175247	0.730163084996
TJPBXD06C21B1I	11.11176	248.0	185.0	2.47895802676	0.651273695698
TJPBXD06C21B2C	21.09516	655.019607843	421.0	5.43093466447	0.957618208704
TJPBXD06C22B1C	10.99458	279.875	211.0	5.06400446816	0.938533643769
TJPBXD06C22B1I	19.75875	528.509090909	303.0	4.21811993288	0.924119928016
TJPBXD06C22B2C	10.2597	259.5625	192.0	4.10625154842	0.904306179341
TJPBXD06C24B1C	9.44148	189.0	148.0	4.92811522124	0.947318716106
TJPBXD06C24B1I	11.89092	257.0	188.0	3.88068723284	0.789671013075
TJPBXD06C24B2C	9.77828	230.0	155.0	2.81024362924	0.685188938599
TJPBXD06C24B2I	11.79888	297.545454545	168.0	3.1944294239	0.721806984199
TJPBXD06C25B1C	25.76395	576.609375	402.0	5.12482467032	0.914984857579
TJPBXD06C25B1I	14.51171	369.157894737	286.0	5.88689130418	0.97268738136
TJPBXD06C25B2C	15.40366	423.730769231	296.0	5.11533755746	0.941546840246
TJPBXD06C25B2I	14.64565	327.028571429	254.0	3.91588464011	0.850466703839
TJPBXD06C27B1C	18.50906	422.551724138	227.0	3.33708089332	0.857446535374
TJPBXD06C27B2C	19.98226	403.4	248.0	3.4288397403	0.870414945559
TJPBXD06C30B1C	14.29027	397.348837209	322.0	5.64782204088	0.967704579871
TJPBXD06C30B1I	17.13531	455.411764706	340.0	3.98241025526	0.861668343734
TJPBXD06C30B2C	13.63924	343.44	275.0	5.63870451936	0.968385195792
TJPBXD06C30B2I	15.84602	421.166666667	273.0	4.45465910696	0.935421391354
TJPBXD06C31B1C	24.92042	526.58490566	343.0	5.09776971325	0.936714569291
TJPBXD06C31B1I	8.02446	156.0	91.0	1.50914351713	0.541344524745
TJPBXD06C31B2C	23.31488	519.069767442	318.0	4.31833006066	0.908816461137
TJPBXD06C31B2I	7.31232	136.333333333	93.0	1.58988648748	0.469601468531
TJPBXD06C32B1C	7.53656	269.111111111	133.0	3.83452014681	0.871666701317
TJPBXD06C32B2C	9.56239	246.24	189.0	3.76222920358	0.825484937546
TJPBXD06C33B1C	16.54033	387.416666667	213.0	4.13927330907	0.892056948201
TJPBXD06C33B1I	4.96369	80.1538461538	64.0	2.56944500829	0.67363750988
TJPBXD06C33B2C	19.91643	421.097560976	264.0	4.94909906051	0.890392354951
TJPBXD06C33B2I	7.02081	140.055555556	107.0	4.2299874164	0.93443631464
TJPBXD06C35B1C	11.6508	332.869565217	192.0	4.61540402635	0.933877439433
TJPBXD06C35B1I	13.77777	294.357142857	229.0	4.27177077633	0.904302889321
TJPBXD06C35B2C	16.65344	599.857142857	297.0	2.44129971939	0.557605225724
TJPBXD06C35B2I	10.06209	242.0	155.0	2.22715309768	0.638530131142
TJPBXD06C38B1C	16.82819	394.034482759	259.0	4.1220230342	0.8641788068
TJPBXD06C38B1I	10.65968	221.625	162.0	4.54713590455	0.926255987071
TJPBXD06C38B2C	20.12133	471.025	310.0	5.07082933018	0.941460089471
TJPBXD06C38B2I	9.25983	213.125	170.0	4.84095314386	0.948031935127
TJPBXD06C40B1C	11.5982	267.0	210.0	4.62742067766	0.930562636693
TJPBXD06C40B1I	12.881	423.115384615	205.0	2.98018248488	0.693127849166
TJPBXD06C40B2C	10.04745	250.142857143	187.0	3.77939323278	0.781033744472
TJPBXD06C40B2I	15.3919	432.44	197.0	4.71350110837	0.941090556704
TJPBXD06C41B1C	10.72642	239.555555556	187.0	4.65183626108	0.918897724636
TJPBXD06C41B1I	6.83991	114.066666667	81.0	2.3228488083	0.682224980397
TJPBXD06C41B2C	7.83683	190.045454545	143.0	2.73042450717	0.721288774735
TJPBXD06C42B1C	26.79124	651.06	403.0	4.8810379872	0.940428714808
TJPBXD06C42B1I	10.93314	202.217391304	140.0	2.17310231467	0.707289186662
TJPBXD06C42B2C	24.23628	621.052631579	365.0	5.5432281334	0.958442902585
TJPBXD06C42B2I	15.01401	285.0	230.0	4.5096072544	0.924353742385
TJPBXD06C43B1C	23.46805	561.153846154	382.0	5.09906377532	0.946725529327
TJPBXD06C43B1I	6.08874	150.714285714	131.0	4.29008003146	0.934750099127
TJPBXD06C43B2C	20.52571	422.255319149	290.0	4.74665144337	0.929688548166
TJPBXD06C46B1C	11.47289	330.333333333	232.0	5.52740354842	0.962386110706
TJPBXD06C46B1I	15.99705	441.428571429	267.0	4.12833717868	0.854675471536
TJPBXD06C46B2C	12.58076	369.833333333	247.0	5.00973612998	0.934613468679
TJPBXD06C46B2I	15.98886	424.486486486	225.0	2.42395172636	0.632788845767
TJPBXD06C47B1C	20.99379	662.018518519	396.0	4.34147582152	0.895249403907
TJPBXD06C47B1I	13.33429	343.896551724	243.0	4.58971292918	0.933911576774
TJPBXD06C47B2C	17.85824	579.12244898	326.0	4.3285258219	0.884488408361
TJPBXD06C47B2I	14.94791	301.382978723	250.0	3.46073308041	0.824647839036
TJPBXD06C48B1C	12.47732	349.666666667	255.0	5.20025506461	0.941749192517
TJPBXD06C48B1I	6.11552	128.0	95.0	4.23319883421	0.907716996317
TJPBXD06C48B2C	11.27614	277.375	196.0	4.65313293485	0.921592490239
TJPBXD06C49B1C	5.57903	68.0	60.0	3.45299517475	0.867561361042
TJPBXD06C49B1I	17.61089	484.127659574	262.0	2.07501026302	0.498149278416
TJPBXD06C49B2C	10.38698	244.25	170.0	3.47196167505	0.803718070366
TJPBXD06C49B2I	23.5128	643.516666667	378.0	3.02722471327	0.715638576059
TJPBXD06C51B1C	12.70594	280.12	202.0	4.05400566067	0.864863826115
TJPBXD06C51B2C	12.24634	299.789473684	230.0	4.68052924574	0.900344764553
TJPBXD06C52B1C	19.44218	367.571428571	284.0	4.31944480939	0.911632355726
TJPBXD06C52B1I	8.24732	150.583333333	101.0	2.78226702451	0.784579244404
TJPBXD06C52B2C	29.82668	879.375	457.0	4.98396604053	0.922230620557
TJPBXD06C52B2I	7.1811	200.111111111	109.0	4.68000105089	0.933666897918
TJPBXD06C54B1C	17.67492	518.069767442	317.0	5.38459254209	0.947378306176
TJPBXD06C54B1I	14.7396	298.923076923	237.0	3.93448303187	0.844014530961
TJPBXD06C54B2C	13.47163	306.04	189.0	4.35470442822	0.842148961038
TJPBXD06C54B2I	9.40793	186.2	147.0	4.08405745449	0.899682111498
TJPBXD06C56B1C	21.88991	449.019607843	344.0	4.86683151029	0.925168355906
TJPBXD06C56B1I	5.73907	120.0	66.0	2.86654519787	0.745973752366
TJPBXD06C56B2C	20.4841	465.222222222	317.0	4.17464827944	0.871911030654
TJPBXD06C56B2I	7.98118	134.12	119.0	3.80328752232	0.835253936675
TJPBXD06C57B1C	9.87794	253.772727273	165.0	4.0884461693	0.871836589973
TJPBXD06C57B1I	6.38507	135.5	83.0	3.12710464855	0.739829070241
TJPBXD06C57B2C	15.97878	369.275	322.0	5.32436153588	0.934029153846
TJPBXD06C57B2I	6.00656	85.4285714286	64.0	2.29696996003	0.618612040847
TJPBXD06C58B1C	17.9588	606.090909091	307.0	4.56102838733	0.881709909939
TJPBXD06C58B1I	8.87463	188.64	159.0	3.38543787766	0.818203295803
TJPBXD06C58B2C	26.19175	685.540540541	448.0	4.92984252912	0.936083548853
TJPBXD06C58B2I	14.56239	344.40625	260.0	4.31373624418	0.902080098436
TJPBXD06C59B1C	12.46577	272.636363636	234.0	4.57870839318	0.887970590165
TJPBXD06C59B1I	17.47974	403.565217391	266.0	4.39239619819	0.743412365916
TJPBXD06C59B2C	9.95012	212.047619048	173.0	4.10577319302	0.891964412272
TJPBXD06C59B2I	11.79976	216.181818182	133.0	2.35650159233	0.705714034219
TJPBXD06C62B1C	18.57661	543.363636364	327.0	4.56568274873	0.892452623733
TJPBXD06C62B1I	8.14697	150.884615385	128.0	4.34531659137	0.907280007918
TJPBXD06C62B2C	22.42307	595.517241379	260.0	4.1660634364	0.823582060152
TJPBXD06C62B2I	8.14085	209.5	152.0	3.77848604288	0.861044255193
TJPBXD06C64B1C	23.05341	535.384615385	300.0	3.67113103761	0.852215827653
TJPBXD06C64B1I	6.2669	88.7692307692	71.0	3.30520092872	0.827149623381
TJPBXD06C64B2C	24.99558	516.127659574	315.0	4.87037268661	0.93456052033
TJPBXD06C64B2I	10.32855	181.05	138.0	2.29307240725	0.676446685119
TJPBXD13C01B1C	15.01538	449.576923077	309.0	5.62001824087	0.963967706152
TJPBXD13C01B1I	11.69907	229.666666667	197.0	3.85838651344	0.865336402377
TJPBXD13C01B2C	11.32023	270.105263158	203.0	5.1550155967	0.945434464024
TJPBXD13C01B2I	10.0838	200.75	149.0	4.00709432308	0.876765413229
TJPBXD13C03B1C	13.62992	313.0	244.0	4.84188102118	0.941130970528
TJPBXD13C03B1I	14.32302	363.894736842	176.0	1.96880837286	0.66445144954
TJPBXD13C03B2C	10.20307	233.833333333	163.0	4.36158134697	0.903143084789
TJPBXD13C03B2I	11.96913	243.833333333	129.0	2.07752212434	0.679211366991
TJPBXD13C04B1C	19.73406	498.37037037	333.0	5.14621471992	0.939483229836
TJPBXD13C04B1I	28.70615	472.30952381	366.0	3.1164866324	0.733528682852
TJPBXD13C04B2C	18.9323	429.535714286	308.0	5.45168403522	0.944103308118
TJPBXD13C04B2I	10.70113	190.789473684	141.0	3.5012824556	0.841315185466
TJPBXD13C05B1C	16.70687	450.216216216	356.0	5.58126953628	0.964585039191
TJPBXD13C05B1I	10.70299	158.043478261	109.0	4.41617003093	0.909447837702
TJPBXD13C05B2C	11.92673	244.0	203.0	4.49309147236	0.895922322807
TJPBXD13C05B2I	13.85697	315.0	213.0	3.05974409284	0.776743089742
TJPBXD13C06B1C	16.12467	393.3125	320.0	5.56676770541	0.963718321738
TJPBXD13C06B1I	16.81424	356.682926829	289.0	2.97518271702	0.745672323593
TJPBXD13C06B2C	13.18166	298.636363636	236.0	4.86779304723	0.935948457303
TJPBXD13C06B2I	10.63806	141.058823529	110.0	1.47196195632	0.526390116207
TJPBXD13C08B1C	12.02671	255.04	202.0	4.63449564208	0.925822750032
TJPBXD13C08B1I	18.11413	365.5	268.0	3.86750533496	0.873060315487
TJPBXD13C08B2C	19.43062	462.5	382.0	5.6724217544	0.964326352877
TJPBXD13C09B1C	11.72745	258.833333333	167.0	3.67144682311	0.832848970528
TJPBXD13C09B1I	12.50852	240.076923077	130.0	1.27689462169	0.392017175528
TJPBXD13C09B2C	10.6154	258.833333333	167.0	3.07855035643	0.756432182566
TJPBXD13C09B2I	13.07925	226.916666667	132.0	1.77635771964	0.663632367927
TJPBXD13C11B1C	15.65834	448.217391304	321.0	6.04959069797	0.976582205201
TJPBXD13C11B1I	22.67773	534.538461538	415.0	4.94441982028	0.93438618681
TJPBXD13C11B2C	17.89929	451.1	351.0	6.0463070546	0.972887022485
TJPBXD13C11B2I	17.138	294.774193548	210.0	1.74205673772	0.472774720885
TJPBXD13C14B1C	11.82327	266.8	208.0	5.32358258134	0.961041794465
TJPBXD13C14B1I	7.464	138.125	68.0	3.11244465901	0.816261837446
TJPBXD13C14B2C	12.64269	339.896551724	239.0	4.80998072969	0.935649070961
TJPBXD13C14B2I	15.40956	333.783783784	235.0	2.55311931439	0.750162175767
TJPBXD13C16B1C	13.52709	239.344827586	172.0	2.35423919126	0.639003031
TJPBXD13C16B1I	9.8316	203.5	100.0	2.72480751686	0.741157154306
TJPBXD13C16B2C	22.99827	472.75	338.0	5.05454099036	0.938533737847
TJPBXD13C16B2I	13.0441	230.136363636	155.0	2.27728119635	0.650937993101
TJPBXD13C17B1C	15.12441	394.055555556	289.0	5.30816494268	0.952897974526
TJPBXD13C17B1I	15.45525	299.333333333	202.0	2.11206498258	0.642617244775
TJPBXD13C17B2C	14.59886	347.317073171	295.0	5.4580042985	0.958275091624
TJPBXD13C17B2I	14.84281	300.896551724	200.0	3.28542187995	0.821783408781
TJPBXD13C19B1C	11.48705	240.576923077	177.0	3.53590505562	0.834430378803
TJPBXD13C19B1I	14.3345	248.46875	173.0	1.81793665586	0.670696864397
TJPBXD13C19B2C	15.7749	395.333333333	290.0	5.36974943014	0.942848517816
TJPBXD13C19B2I	14.92584	304.78125	201.0	2.47241659081	0.710588648612
TJPBXD13C21B1C	24.13425	575.56097561	462.0	5.91378701454	0.966097402821
TJPBXD13C21B1I	17.75065	378.666666667	279.0	3.41695366342	0.822791038758
TJPBXD13C21B2C	18.91338	493.666666667	314.0	4.11468656307	0.854633746096
TJPBXD13C21B2I	10.95151	183.315789474	108.0	0.983821474186	0.240902604274
TJPBXD13C22B1C	14.21379	458.05	271.0	5.74398895652	0.971522537222
TJPBXD13C22B1I	11.25421	225.043478261	176.0	3.39290926861	0.805082592273
TJPBXD13C22B2C	10.48593	278.4	183.0	3.9875400608	0.918311287831
TJPBXD13C22B2I	11.95093	214.181818182	174.0	2.14687571115	0.675929263899
TJPBXD13C24B1C	13.36208	314.666666667	241.0	5.4111624422	0.957958021077
TJPBXD13C24B1I	14.03153	274.714285714	214.0	4.18497147881	0.896471479278
TJPBXD13C24B2C	12.91234	285.041666667	240.0	5.04855881762	0.944194429317
TJPBXD13C24B2I	17.62147	362.256410256	293.0	3.26992087999	0.747451571023
TJPBXD13C25B1C	25.41995	629.166666667	481.0	5.64049762864	0.963986567352
TJPBXD13C25B1I	12.55777	218.045454545	153.0	3.23129557853	0.870691089208
TJPBXD13C25B2C	19.10881	436.028571429	303.0	5.55447608712	0.950782708373
TJPBXD13C25B2I	10.64525	133.884615385	111.0	0.787441306143	0.181210632712
TJPBXD13C27B1C	16.29901	360.034482759	305.0	5.58615483791	0.96252977423
TJPBXD13C27B1I	21.4948	440.024390244	355.0	4.02940098712	0.856505485253
TJPBXD13C27B2C	10.38113	257.666666667	184.0	3.48547442962	0.760655555365
TJPBXD13C27B2I	14.6439	253.6	196.0	2.6665799329	0.757182140659
TJPBXD13C30B1C	15.83279	354.535714286	309.0	5.69114360659	0.963455392652
TJPBXD13C30B1I	25.55758	620.02	460.0	5.31997259473	0.921294884013
TJPBXD13C30B2C	17.71297	435.243902439	344.0	5.92562335702	0.969885848969
TJPBXD13C30B2I	16.20022	349.260869565	256.0	5.24503245075	0.953042854858
TJPBXD13C31B1C	14.81216	353.0	286.0	4.97657327793	0.921548649318
TJPBXD13C31B1I	14.78499	354.05	219.0	2.40676260228	0.702689402782
TJPBXD13C31B2C	13.3834	320.714285714	242.0	5.16271618186	0.949148663495
TJPBXD13C32B1C	15.32193	459.0	312.0	5.81196217767	0.970820822158
TJPBXD13C32B1I	26.12102	526.01754386	415.0	3.70038267848	0.797220411253
TJPBXD13C32B2C	14.4086	372.444444444	293.0	4.62768328359	0.889062473006
TJPBXD13C32B2I	10.91793	158.666666667	104.0	2.13696492334	0.666888569702
TJPBXD13C33B1C	13.21679	291.0	249.0	5.47841458487	0.962433236943
TJPBXD13C33B2C	11.85189	359.357142857	278.0	4.69873865411	0.928626570543
TJPBXD13C33B2I	8.78972	178.5625	102.0	2.93944639374	0.774164892825
TJPBXD13C35B1C	19.22461	405.387096774	306.0	4.48324243694	0.883803621701
TJPBXD13C35B1I	10.82105	237.666666667	151.0	2.3971331532	0.700185221541
TJPBXD13C35B2C	20.21126	390.026315789	317.0	5.09647162047	0.936588604182
TJPBXD13C38B1C	15.92467	347.206896552	282.0	5.18670367762	0.948497336238
TJPBXD13C38B1I	9.64008	112.368421053	91.0	1.92596684617	0.593396528585
TJPBXD13C38B2C	14.88008	352.161290323	272.0	5.74488363282	0.970586690806
TJPBXD13C38B2I	10.01891	117.461538462	84.0	1.61881348373	0.602259602087
TJPBXD13C40B1C	9.48206	226.12	181.0	4.63949298419	0.930745140351
TJPBXD13C40B1I	19.49502	403.6	346.0	4.79545782883	0.908460500973
TJPBXD13C40B2C	14.36005	327.303030303	252.0	5.04106371651	0.94762730223
TJPBXD13C40B2I	19.23508	461.5	292.0	2.54536249409	0.718998943288
TJPBXD13C41B1C	17.01458	481.75	343.0	5.88255191361	0.962243244895
TJPBXD13C41B1I	21.79641	533.775510204	400.0	4.98406378468	0.932486135254
TJPBXD13C41B2C	13.89703	349.181818182	290.0	4.90129089813	0.933439919142
TJPBXD13C41B2I	10.76364	228.473684211	119.0	1.62821991385	0.598661407477
TJPBXD13C42B1C	15.94699	336.1875	265.0	4.89862707825	0.934933742574
TJPBXD13C42B1I	11.19338	147.217391304	115.0	1.4538458575	0.399398178314
TJPBXD13C42B2C	18.8212	496.433333333	383.0	6.11052708936	0.97539407182
TJPBXD13C42B2I	12.01654	161.333333333	96.0	0.874237400631	0.25591291765
TJPBXD13C43B1C	13.89469	348.418604651	297.0	4.37882619406	0.86085255239
TJPBXD13C43B1I	15.88904	401.913043478	243.0	3.20805057206	0.798069980498
TJPBXD13C43B2C	14.36824	365.363636364	279.0	5.45411255654	0.962949518547
TJPBXD13C43B2I	16.48569	288.025	205.0	2.24241452291	0.731587975164
TJPBXD13C46B1C	15.92362	414.714285714	279.0	5.98698131707	0.976959346856
TJPBXD13C46B1I	23.7752	516.508196721	427.0	4.04608090256	0.839691661059
TJPBXD13C46B2C	19.67342	502.25	443.0	6.19096875349	0.974118951172
TJPBXD13C46B2I	12.32032	286.772727273	209.0	4.76742638598	0.943743420623
TJPBXD13C47B1C	16.63629	345.052631579	255.0	4.86617983051	0.936535616972
TJPBXD13C47B1I	19.78026	433.583333333	279.0	3.52806643837	0.797892543469
TJPBXD13C47B2C	20.82517	388.033333333	325.0	6.0145883712	0.972173611156
TJPBXD13C47B2I	11.20107	185.041666667	140.0	3.21890224482	0.847078642487
TJPBXD13C48B1C	15.03673	318.4	268.0	4.59044833746	0.925636608146
TJPBXD13C48B1I	10.77326	163.516129032	133.0	1.77731893281	0.469221877273
TJPBXD13C48B2C	14.65379	327.882352941	234.0	5.22905562345	0.947992589308
TJPBXD13C48B2I	10.90019	164.111111111	73.0	3.15350949722	0.81694513084
TJPBXD13C49B1C	15.48445	383.8	283.0	5.36057564054	0.955811514021
TJPBXD13C49B1I	10.73258	181.5	124.0	4.29371125159	0.827959035231
TJPBXD13C49B2C	15.11379	372.714285714	294.0	5.61691085029	0.959480892105
TJPBXD13C49B2I	13.31275	275.689655172	190.0	2.32818752073	0.725817323501
TJPBXD13C51B1C	16.08378	402.137931034	309.0	5.36493306053	0.953935080825
TJPBXD13C51B1I	12.72066	230.625	171.0	1.69536794184	0.561377255214
TJPBXD13C51B2C	11.53116	300.956521739	224.0	4.16360712605	0.889156137316
TJPBXD13C51B2I	18.73807	288.073170732	201.0	5.87064755428	0.952405094225
TJPBXD13C52B1C	15.53399	397.333333333	300.0	4.99713577667	0.937450090438
TJPBXD13C52B1I	9.16661	153.714285714	116.0	4.66775451547	0.953270295204
TJPBXD13C52B2C	15.47646	333.714285714	273.0	4.45635185896	0.890233023593
TJPBXD13C52B2I	8.21381	136.0	70.0	3.74162395493	0.875468704009
TJPBXD13C54B1C	18.30567	441.9375	333.0	5.74781122452	0.964168596389
TJPBXD13C54B1I	18.22877	396.692307692	294.0	3.73373847728	0.793483380532
TJPBXD13C54B2C	16.86995	379.461538462	261.0	5.95374184121	0.973843505531
TJPBXD13C54B2I	8.79589	124.0	97.0	4.55297831465	0.950901692925
TJPBXD13C56B1C	12.39744	300.730769231	228.0	4.37987877314	0.916490926337
TJPBXD13C56B1I	16.70076	320.783783784	222.0	2.02552041149	0.604170447289
TJPBXD13C56B2C	14.65764	333.772727273	256.0	5.51174817894	0.962350541218
TJPBXD13C56B2I	23.84538	452.294117647	339.0	2.18645102568	0.692758678077
TJPBXD13C57B1C	18.28722	468.527777778	367.0	5.33899614231	0.949647434515
TJPBXD13C57B1I	24.54506	482.372093023	348.0	3.89039798705	0.843252624598
TJPBXD13C57B2C	14.79413	415.833333333	294.0	5.3934101947	0.952568421441
TJPBXD13C57B2I	10.45536	205.5	78.0	1.87074353444	0.607505616236
TJPBXD13C58B1C	22.75045	557.923076923	431.0	6.15922323391	0.974694215013
TJPBXD13C58B1I	7.83867	137.142857143	87.0	4.4570627383	0.945624609263
TJPBXD13C58B2C	19.19306	403.903225806	286.0	4.24325932488	0.908565618468
TJPBXD13C58B2I	9.53926	256.0	92.0	3.32916862936	0.803239034018
TJPBXD13C59B1C	19.40859	487.108108108	386.0	5.71936809132	0.966557774475
TJPBXD13C59B1I	25.86043	577.9	458.0	4.48127003693	0.869604570813
TJPBXD13C59B2C	15.11706	347.875	286.0	5.54960251211	0.953923366338
TJPBXD13C59B2I	15.66587	344.75	256.0	3.38889816017	0.792444745994
TJPBXD13C62B1C	16.12059	382.076923077	314.0	6.07116393052	0.974395548769
TJPBXD13C62B1I	14.48322	245.7	172.0	0.62714981983	0.127190855572
TJPBXD13C62B2C	14.20061	288.384615385	252.0	5.26601934679	0.953576497509
TJPBXD13C62B2I	11.27841	166.6875	102.0	3.51197152522	0.823536117589
TJPBXD13C64B1C	12.7709	307.5	216.0	4.47708588069	0.902870441016
TJPBXD13C64B1I	11.90202	232.5	162.0	3.68350302044	0.888452545532
TJPBXD13C64B2C	15.57688	381.5	289.0	5.42475227387	0.95757523588
TJPBXD13C64B2I	9.51919	181.666666667	100.0	1.41896709269	0.539540479388
TJPBXBaseInoc	9.49692	154.333333333	86.0	2.56512997246	0.680403131274
TJPBXD0I	17.2926	395.196078431	284.0	4.16407871536	0.925084401654
TJPBXFMB11Inco	10.13104	159.066666667	96.0	3.44646543068	0.859490077115
TJPBXTJInoc	15.90208	303.972972973	246.0	4.20821549976	0.885963820943