	chao1	observed_species	shannon	simpson	PD_whole_tree
D03C01B2T	478.0	478.0	5.77843110795	0.950716130112	22.86641
D03C03B2T	469.0	469.0	6.1487708399	0.964972085169	23.26904
D03C04B2T	428.0	428.0	5.70929586754	0.946766822251	22.42204
D03C05B2T	399.0	399.0	5.48664003744	0.952761670538	20.39254
D03C06B2T	467.0	467.0	5.84616267961	0.953025301377	25.01281
D03C09B2T	522.0	522.0	5.48504969761	0.928243855613	27.9466
D03C11B2T	329.0	329.0	5.40149838293	0.934689278545	19.81617
D03C14B2T	588.0	588.0	6.01024516605	0.962609525195	32.01243
D03C16B2T	410.0	410.0	6.18641232947	0.975880238985	22.85716
D03C17B2T	393.0	393.0	5.96712766822	0.963372140623	21.81817
D03C19B2T	336.0	336.0	5.08384803565	0.906105728349	19.39647
D03C21B2T	231.0	231.0	4.50292999951	0.8791613536	12.15272
D03C22B2T	454.0	454.0	5.76883322174	0.965448314548	24.09797
D03C24B2T	351.0	351.0	5.59461538492	0.941177845463	22.19048
D03C25B2T	388.0	388.0	5.70871999402	0.961123055742	23.47514
D03C27B2T	462.0	462.0	5.39066018538	0.933354458133	23.34915
D03C30B2T	99.0	99.0	2.51794591595	0.655123874569	10.03217
D03C31B2T	462.0	462.0	6.28637968837	0.970473944896	23.88628
D03C32B2T	191.0	191.0	5.37653830878	0.938144383095	11.30555
D03C33B2T	386.0	386.0	5.63393147451	0.96502780116	21.75284
D03C35B2T	433.0	433.0	5.55567897863	0.966864154985	22.84049
D03C38B2T	104.0	104.0	5.46516497451	0.968097076529	8.23329
D03C40B2T	532.0	532.0	5.93924131864	0.956614345304	25.8218
D03C41B2T	301.0	301.0	5.69189693388	0.954934429522	18.52996
D03C42B2T	135.0	135.0	4.97431289299	0.927174308461	8.54184
D03C43B2T	345.0	345.0	4.05643380049	0.861212191541	18.39844
D03C46B2T	231.0	231.0	4.97549316453	0.911936276494	13.66153
D03C47B2T	351.0	351.0	4.77536711061	0.890447604971	19.92424
D03C48B2T	299.0	299.0	4.97899631257	0.910562547905	16.1719
D03C49B2T	365.0	365.0	5.69746263279	0.95651944429	20.71769
D03C51B2T	433.0	433.0	4.97352136979	0.903850211631	21.99147
D03C52B2T	191.0	191.0	3.22765336894	0.817543927044	10.06731
D03C54B2T	163.0	163.0	3.16548031367	0.811056898669	7.93432
D03C56B2T	153.0	153.0	3.03519005477	0.80096955318	8.84293
D03C57B2T	4038.0	297.0	3.73404396893	0.851915244769	15.34364
D03C58B2T	2623.0	345.0	3.36250442524	0.818336066872	19.54276
D03C59B2T	231.0	231.0	3.08976061508	0.794034186946	11.5309
D03C62B2T	162.0	162.0	2.98638837022	0.800106622398	8.86183
D03C64B2T	211.0	211.0	2.9843708075	0.793513024118	12.26112
D06C01B2T	408.0	408.0	5.74482494807	0.943571393805	23.282
D06C03B2T	511.0	511.0	6.23719394399	0.963229321535	26.6189
D06C04B2T	298.75	225.0	3.14521078571	0.808678524573	12.5433
D06C05B2T	416.0	416.0	5.6311475562	0.946165559166	21.67466
D06C06B2T	401.0	401.0	5.45231986569	0.932019935862	18.20079
D06C08B2T	240.0	240.0	4.41905260437	0.902225866359	14.79393
D06C09B2T	454.0	454.0	5.64692602166	0.942075982214	24.23653
D06C11B2T	269.0	269.0	5.87035011155	0.969622434253	16.19889
D06C14B2T	424.0	424.0	5.95826835953	0.972469749012	21.79161
D06C16B2T	183.0	183.0	2.92484864503	0.784274578008	11.80655
D06C17B2T	199.0	199.0	3.66771551174	0.830048273642	10.02166
D06C19B2T	377.0	377.0	5.47725158533	0.950660920099	19.90653
D06C21B2T	2958.0	257.0	3.0486954226	0.797237221642	14.83394
D06C22B2T	370.0	370.0	6.39765692137	0.980004726839	18.95361
D06C24B2T	463.0	463.0	5.88813624119	0.958502097397	23.02373
D06C25B2T	165.0	165.0	3.03661876015	0.793271623139	9.593
D06C27B2T	306.0	306.0	5.26785436573	0.942319557023	17.49349
D06C30B2T	300.0	300.0	5.40458752108	0.93688531196	18.81585
D06C31B2T	1698.0	158.0	3.43358051479	0.823929931547	7.26553
D06C32B2T	362.0	362.0	5.75272492534	0.953662558425	18.74019
D06C33B2T	404.0	404.0	5.8704723212	0.949994676157	22.24056
D06C35B2T	228.0	228.0	3.0810539589	0.790398901024	12.83424
D06C38B2T	364.0	364.0	5.65268667142	0.957939616785	19.57532
D06C40B2T	205.0	205.0	4.56484737599	0.944260701795	10.76294
D06C41B2T	180.0	180.0	4.94588972559	0.950174710427	9.55054
D06C42B2T	338.0	338.0	5.17154858617	0.922288226981	18.91524
D06C43B2T	380.0	380.0	5.02006532371	0.927194342975	22.03547
D06C46B2T	122.0	122.0	5.69778093441	0.968137493609	9.98379
D06C48B2T	381.0	381.0	5.6510034382	0.968225504707	23.56593
D06C49B2T	164.0	164.0	3.27136637634	0.824501812292	9.87129
D06C51B2T	163.0	163.0	3.09959259	0.805216631471	9.39912
D06C52B2T	188.0	188.0	3.18754503093	0.818404499019	11.1829
D06C54B2T	218.0	218.0	3.14639296713	0.805818622718	13.39291
D06C56B2T	135.0	135.0	2.92048551648	0.772750816324	9.06287
D06C57B2T	256.0	256.0	3.00533275937	0.790989493791	15.05862
D06C58B2T	225.0	225.0	3.26920920714	0.817190342111	13.58525
D06C59B2T	225.0	225.0	3.13835897705	0.808096745919	15.4024
D06C62B2T	181.0	181.0	3.24845233663	0.816592119732	9.65058
D06C64B2T	289.0	289.0	3.30295395394	0.81753252552	13.92851
D13C01B2T	117.0	117.0	5.34899613801	0.951975077065	7.64061
D13C04B2T	145.0	145.0	5.94037189582	0.973880555011	9.45417
D13C05B2T	167.0	167.0	3.53225552202	0.825347788043	10.16672
D13C08B2T	177.0	177.0	5.59114161245	0.957150706842	9.42198
D13C09B2T	167.0	167.0	3.64820495683	0.837098570677	10.71933
D13C11B2T	148.0	148.0	5.53881808662	0.963499427159	9.31318
D13C14B2T	173.0	173.0	5.65298799323	0.958304540058	9.95286
D13C16B2T	222.0	222.0	3.6210446222	0.837152549138	12.01492
D13C17B2T	179.0	179.0	5.67392859591	0.959095059666	11.56778
D13C19B2T	247.0	247.0	6.05320019545	0.969761278263	14.81565
D13C21B2T	4458.0	272.0	2.91008536958	0.778902942949	13.61507
D13C22B2T	163.0	163.0	5.2954738152	0.95411774752	11.06418
D13C24B2T	251.0	251.0	5.23829139887	0.956056933395	14.27303
D13C25B2T	151.0	151.0	2.95103834802	0.789111855244	8.57301
D13C30B2T	1172.01538462	658.0	5.36812672252	0.932136565959	26.17721
D13C31B2T	451.0	451.0	6.40105370006	0.97087136142	23.05561
D13C32B2T	391.0	391.0	5.91108111502	0.970808619249	20.03666
D13C33B2T	217.0	217.0	5.63107908567	0.949488759323	15.67004
D13C35B2T	144.0	144.0	5.27927740581	0.953648578869	9.26877
D13C38B2T	824.154929577	645.0	6.2163167063	0.972488325843	28.85371
D13C42B2T	387.0	387.0	6.62325801556	0.969641797715	20.55984
D13C43B2T	353.0	353.0	6.10468818809	0.978290844083	14.62548
D13C46B2T	275.0	275.0	5.09815178236	0.940456044607	16.34025
D13C48B2T	197.0	197.0	3.07604003118	0.796627301818	12.34932
D13C54B2T	205.0	205.0	3.24492685609	0.798812804544	12.71865
D13C56B2T	201.0	201.0	4.88016104777	0.878219701822	12.99451
D13C58B2T	333.0	333.0	5.51365038637	0.932273997467	17.85901
D13C59B2T	1359.75728155	933.0	6.94812300907	0.983482039668	37.97278
D13C62B2T	6770.0	442.0	5.08680642381	0.952662301704	21.58576
D13C64B2T	220.0	220.0	3.65829295344	0.832798844081	13.14307
TJPBXD03C01B1C	195.0	195.0	5.919582771	0.969321471432	11.80774
TJPBXD03C01B1I	277.0	277.0	5.44243384888	0.959275880211	14.68514
TJPBXD03C01B2C	283.0	283.0	4.56175415403	0.912509734363	14.70848
TJPBXD03C01B2I	222.0	222.0	4.82218122005	0.948526500579	10.03403
TJPBXD03C03B1C	273.0	273.0	5.4982098133	0.950405889783	14.54629
TJPBXD03C03B1I	117.0	117.0	4.15335770658	0.928438188259	6.52444
TJPBXD03C03B2C	204.0	204.0	4.60526422294	0.927652498841	10.79852
TJPBXD03C04B1C	103.0	103.0	5.11845121054	0.936445927693	6.43043
TJPBXD03C04B1I	60.0	60.0	1.04875838229	0.492604313867	5.6824
TJPBXD03C04B2C	197.0	197.0	5.01306522497	0.932146703563	9.91175
TJPBXD03C04B2I	54.0	54.0	2.97583063623	0.743245991605	5.48759
TJPBXD03C05B1C	242.0	242.0	4.48393985531	0.901481536292	12.19087
TJPBXD03C05B1I	89.0	89.0	2.35646502617	0.651702879081	6.53838
TJPBXD03C05B2C	222.0	222.0	4.96550443211	0.938762227961	10.21024
TJPBXD03C05B2I	94.0	94.0	3.71049656062	0.804544300369	5.85965
TJPBXD03C06B1C	248.0	248.0	5.77076095845	0.965986710583	11.93516
TJPBXD03C06B2C	169.0	169.0	4.16043991839	0.893967746396	9.68125
TJPBXD03C06B2I	154.0	154.0	4.72749887882	0.946958505399	8.97324
TJPBXD03C08B1C	186.0	186.0	3.99910820248	0.846478173172	9.52726
TJPBXD03C08B2C	221.0	221.0	4.50563241384	0.886734593609	10.73719
TJPBXD03C09B1C	248.0	248.0	4.80915103803	0.9335921361	11.63356
TJPBXD03C09B2C	186.0	186.0	4.44853298745	0.907550237491	9.49593
TJPBXD03C09B2I	106.0	106.0	3.77622401974	0.856680844848	6.92743
TJPBXD03C11B1C	226.0	226.0	5.07997892148	0.935003659363	11.66663
TJPBXD03C11B1I	182.0	182.0	4.44427116972	0.936273878009	9.06133
TJPBXD03C11B2C	239.0	239.0	4.85073439458	0.92491526711	11.72205
TJPBXD03C11B2I	262.0	262.0	5.69831603304	0.96508505426	12.42523
TJPBXD03C14B1C	210.0	210.0	4.51080225293	0.901541852214	10.39141
TJPBXD03C14B1I	134.0	134.0	4.86579209927	0.904246355037	9.09315
TJPBXD03C14B2C	287.0	287.0	5.42462010826	0.960486352912	14.26403
TJPBXD03C16B1C	220.0	220.0	5.34298773386	0.937987958994	10.50685
TJPBXD03C16B1I	161.0	161.0	3.4877798608	0.839014903629	8.5807
TJPBXD03C16B2C	238.0	238.0	4.49777724944	0.901403943631	11.61223
TJPBXD03C16B2I	82.0	82.0	2.54518722346	0.677885974368	7.55567
TJPBXD03C17B1C	259.0	259.0	5.51930062378	0.96275738345	12.55097
TJPBXD03C17B1I	43.0	43.0	1.22242042571	0.506425138193	5.0574
TJPBXD03C17B2C	255.0	255.0	4.87648628988	0.926189355342	11.86941
TJPBXD03C19B1C	271.0	271.0	5.06286619926	0.933075997916	11.80054
TJPBXD03C19B2C	240.0	240.0	4.93907350589	0.928718971175	11.01993
TJPBXD03C19B2I	44.0	44.0	3.29920846617	0.8162341456	3.45381
TJPBXD03C21B1I	98.0	98.0	4.28079690221	0.936469276091	6.9455
TJPBXD03C21B2C	242.0	242.0	4.65330522973	0.913938033551	11.3374
TJPBXD03C21B2I	139.0	139.0	4.61239050275	0.943028214034	7.43224
TJPBXD03C22B1C	204.0	204.0	4.41410567259	0.909721913523	10.57387
TJPBXD03C22B2C	205.0	205.0	3.8660443707	0.837927430917	9.97533
TJPBXD03C22B2I	183.0	183.0	4.37434347005	0.922603089748	11.72866
TJPBXD03C24B1C	294.0	294.0	5.81966680344	0.964616739473	13.17338
TJPBXD03C24B1I	256.0	256.0	5.36688686528	0.966605579615	12.94572
TJPBXD03C24B2C	273.0	273.0	5.38950828401	0.957322110427	13.39039
TJPBXD03C24B2I	202.0	202.0	4.90267572225	0.948858260511	9.7225
TJPBXD03C25B1C	183.0	183.0	4.76746476311	0.934965349777	9.84895
TJPBXD03C25B1I	91.0	91.0	3.82880586494	0.888626169911	7.49123
TJPBXD03C25B2C	247.0	247.0	4.5778493867	0.904111898036	11.60356
TJPBXD03C25B2I	164.0	164.0	2.85971952495	0.680356240505	8.32578
TJPBXD03C27B1C	254.0	254.0	4.97675320402	0.926689296885	11.13519
TJPBXD03C27B1I	181.0	181.0	4.00741873802	0.88034310204	10.50583
TJPBXD03C27B2C	265.0	265.0	5.69470344048	0.951737885159	10.86417
TJPBXD03C27B2I	116.0	116.0	4.47684523088	0.863705001451	6.74819
TJPBXD03C30B1C	267.0	267.0	5.52230951617	0.960409818182	15.00608
TJPBXD03C30B1I	196.0	196.0	4.1348613568	0.835544080624	11.04825
TJPBXD03C30B2C	156.0	156.0	5.24367443798	0.944303588574	9.22937
TJPBXD03C30B2I	151.0	151.0	4.98213231176	0.951909163585	8.64405
TJPBXD03C31B1C	264.0	264.0	5.84255292496	0.965152981006	10.34942
TJPBXD03C31B2C	282.0	282.0	5.34602549099	0.958350270156	11.70005
TJPBXD03C31B2I	57.0	57.0	2.59700282427	0.691270086301	4.61433
TJPBXD03C32B1C	249.0	249.0	4.88640408613	0.913224594087	10.70592
TJPBXD03C32B2C	266.0	266.0	4.7928530622	0.922758444267	11.21583
TJPBXD03C33B1C	198.0	198.0	5.22850979857	0.946442636568	10.34792
TJPBXD03C33B1I	74.0	74.0	3.87294763743	0.854414922172	6.33539
TJPBXD03C33B2C	240.0	240.0	4.17100928517	0.860855898708	10.34686
TJPBXD03C33B2I	163.0	163.0	4.49980675704	0.890076018907	8.58792
TJPBXD03C35B1C	259.0	259.0	5.62552241082	0.963636416599	12.43491
TJPBXD03C35B1I	123.0	123.0	4.51929068047	0.914670989436	7.29305
TJPBXD03C35B2C	203.0	203.0	4.47475390271	0.918785863213	10.91589
TJPBXD03C35B2I	140.0	140.0	3.45449404629	0.767276970979	8.11025
TJPBXD03C38B1C	234.0	234.0	4.55914013551	0.918595560094	9.73419
TJPBXD03C38B1I	86.0	86.0	2.95604018252	0.709230352837	7.06319
TJPBXD03C38B2C	226.0	226.0	4.81089007031	0.922041319713	10.89799
TJPBXD03C40B1C	271.0	271.0	5.57151785006	0.957128170822	12.93137
TJPBXD03C40B1I	132.0	132.0	3.19421111257	0.745324221382	8.25857
TJPBXD03C40B2C	259.0	259.0	5.43235790358	0.953785618275	11.13052
TJPBXD03C40B2I	157.0	157.0	4.3490812241	0.936720233106	8.10733
TJPBXD03C41B1C	237.0	237.0	5.5162091194	0.958942695158	11.44671
TJPBXD03C41B2C	174.0	174.0	3.65971400412	0.842547325361	9.27017
TJPBXD03C42B1C	254.0	254.0	4.82031578189	0.924280685658	11.61879
TJPBXD03C42B1I	141.0	141.0	4.78735797404	0.900008450787	7.88449
TJPBXD03C42B2C	225.0	225.0	4.23554624949	0.888205147569	11.07511
TJPBXD03C43B1C	210.0	210.0	4.48686819924	0.892209168898	10.47632
TJPBXD03C43B1I	124.0	124.0	3.19502178469	0.76592980824	6.85412
TJPBXD03C43B2C	241.0	241.0	5.37260361851	0.928570764306	11.21787
TJPBXD03C46B1C	228.0	228.0	4.86840304234	0.928767969765	10.70182
TJPBXD03C46B1I	252.0	252.0	5.34352740055	0.958395720663	12.67385
TJPBXD03C46B2C	257.0	257.0	5.09770207002	0.937446906411	12.11623
TJPBXD03C46B2I	215.0	215.0	3.18483188161	0.739552281002	11.54677
TJPBXD03C47B1C	182.0	182.0	3.43329579782	0.732736901192	9.57055
TJPBXD03C47B1I	254.0	254.0	5.16539674889	0.940797031791	13.92498
TJPBXD03C47B2C	214.0	214.0	4.63168224421	0.923232134618	10.15166
TJPBXD03C47B2I	209.0	209.0	6.42634377718	0.981590538884	13.65594
TJPBXD03C48B1C	284.0	284.0	5.22310884628	0.950733337906	13.58903
TJPBXD03C48B1I	88.0	88.0	2.9635730022	0.7948731198	6.31289
TJPBXD03C48B2C	215.0	215.0	5.18086604429	0.938260491538	12.14231
TJPBXD03C48B2I	114.0	114.0	3.88551928794	0.814828778347	9.02845
TJPBXD03C49B1C	197.0	197.0	5.20454898166	0.943913783019	10.0626
TJPBXD03C49B1I	147.0	147.0	3.78570674104	0.875318536227	7.99082
TJPBXD03C49B2C	145.0	145.0	3.94547829369	0.895398921281	7.67928
TJPBXD03C49B2I	92.0	92.0	2.42993839494	0.682047154133	5.733
TJPBXD03C51B1C	181.0	181.0	4.3265237103	0.907654736471	9.53671
TJPBXD03C51B1I	120.0	120.0	5.10028375042	0.951015599556	8.3838
TJPBXD03C51B2C	232.0	232.0	4.55975876206	0.899529761831	11.82307
TJPBXD03C52B1C	210.0	210.0	5.05536887151	0.939294027079	10.72779
TJPBXD03C52B1I	133.0	133.0	3.81192570888	0.850392365538	7.27359
TJPBXD03C52B2C	431.714285714	316.0	5.21207986515	0.948235306259	13.9455
TJPBXD03C54B1C	159.0	159.0	3.70127829683	0.849479631053	9.59988
TJPBXD03C54B1I	143.0	143.0	4.80685693116	0.950376658322	8.38992
TJPBXD03C54B2C	236.0	236.0	4.63844005205	0.914260916815	12.42699
TJPBXD03C54B2I	161.0	161.0	5.65308991049	0.935161166609	8.70607
TJPBXD03C56B1C	326.0	326.0	5.80339317359	0.959235023724	17.73444
TJPBXD03C56B1I	127.0	127.0	2.39959059008	0.637682096368	7.14726
TJPBXD03C56B2C	204.0	204.0	4.66557469366	0.919475285495	10.16156
TJPBXD03C57B1C	218.0	218.0	4.53045277899	0.916693243633	10.29885
TJPBXD03C57B1I	126.0	126.0	3.54702165769	0.81717853717	8.02524
TJPBXD03C57B2C	250.0	250.0	5.44834385983	0.956409415579	10.74372
TJPBXD03C57B2I	65.0	65.0	1.57368857431	0.547615943666	5.74395
TJPBXD03C58B1C	288.0	288.0	4.9873666335	0.919298525689	14.20304
TJPBXD03C58B1I	155.0	155.0	4.83229282762	0.933786263007	8.51099
TJPBXD03C58B2C	229.0	229.0	4.41361017718	0.910429597819	12.16149
TJPBXD03C58B2I	167.0	167.0	4.58905547551	0.90039958913	10.47112
TJPBXD03C59B1C	265.0	265.0	5.49447401684	0.9615244186	12.11356
TJPBXD03C59B2C	192.0	192.0	5.31187843621	0.947490055515	8.30855
TJPBXD03C62B1C	212.0	212.0	5.12012636521	0.933269872504	10.76962
TJPBXD03C62B1I	157.0	157.0	5.08676228085	0.956449970153	7.98802
TJPBXD03C62B2C	254.0	254.0	5.0439651052	0.92014836172	11.26891
TJPBXD03C62B2I	153.0	153.0	3.7594527918	0.825004562625	8.01808
TJPBXD03C64B1C	261.0	261.0	5.03669056445	0.9233222356	13.23259
TJPBXD03C64B1I	107.0	107.0	1.92279591589	0.651682461199	8.89026
TJPBXD03C64B2C	291.0	291.0	5.75249605802	0.960533319222	13.41729
TJPBXD03C64B2I	242.0	242.0	3.48228085817	0.815833972845	13.81845
TJPBXD06C01B1C	243.0	243.0	4.72064718157	0.923405114123	10.78611
TJPBXD06C01B1I	236.0	236.0	4.55165397374	0.939745461995	12.08904
TJPBXD06C01B2C	175.0	175.0	5.26627673458	0.959220004645	9.73018
TJPBXD06C01B2I	148.0	148.0	2.61557543761	0.671947206235	8.97236
TJPBXD06C03B1C	165.0	165.0	3.92082489015	0.902885623669	13.65899
TJPBXD06C03B1I	101.0	101.0	3.15838295873	0.760116443195	8.45141
TJPBXD06C03B2C	299.0	299.0	5.48334570761	0.959592825928	18.6455
TJPBXD06C03B2I	71.0	71.0	1.66420996791	0.558151091018	6.36168
TJPBXD06C04B1C	256.0	256.0	5.31314297895	0.955944837751	20.24738
TJPBXD06C04B1I	96.0	96.0	4.4276440465	0.945276599189	6.96126
TJPBXD06C04B2C	350.0	350.0	5.2079363718	0.953825997262	27.73401
TJPBXD06C04B2I	155.0	155.0	3.20276836474	0.767198266605	9.94631
TJPBXD06C05B1C	249.0	249.0	4.502160815	0.899922842826	19.9436
TJPBXD06C05B1I	128.0	128.0	3.71838361048	0.85162226637	8.38303
TJPBXD06C05B2C	337.0	337.0	4.70678981151	0.908026463464	26.96578
TJPBXD06C05B2I	71.0	71.0	4.19619785353	0.887717932528	5.48706
TJPBXD06C06B1C	233.0	233.0	5.34601550781	0.945794508444	12.6242
TJPBXD06C06B1I	279.0	279.0	2.64253687688	0.647258908492	19.20793
TJPBXD06C06B2C	204.0	204.0	4.77114226124	0.912240167983	10.77725
TJPBXD06C08B1C	334.0	334.0	5.38590215346	0.952170519774	21.52231
TJPBXD06C08B1I	107.0	107.0	4.57986796238	0.943196665709	5.3938
TJPBXD06C08B2C	316.0	316.0	4.73327889594	0.907888210831	19.713
TJPBXD06C09B1C	280.0	280.0	5.16189848504	0.947767076745	17.39182
TJPBXD06C09B1I	66.0	66.0	4.19205941337	0.935617501127	5.68008
TJPBXD06C09B2C	277.0	277.0	4.67190196061	0.909780416704	17.76822
TJPBXD06C09B2I	145.0	145.0	3.89125726185	0.886004923196	8.72373
TJPBXD06C11B1C	186.0	186.0	3.90160597253	0.822076708074	10.21123
TJPBXD06C11B1I	283.0	283.0	5.94717861082	0.961989941046	16.04859
TJPBXD06C11B2C	185.0	185.0	4.76077514893	0.932335654035	10.91076
TJPBXD06C11B2I	206.0	206.0	3.63970030013	0.826304323815	12.34813
TJPBXD06C14B1C	161.0	161.0	3.78747995284	0.867493911935	9.54684
TJPBXD06C14B1I	200.0	200.0	4.21381350036	0.895863667496	15.66187
TJPBXD06C14B2C	163.0	163.0	4.33469373865	0.925102967009	9.74093
TJPBXD06C14B2I	137.0	137.0	1.6835319948	0.604949042319	13.60929
TJPBXD06C16B1C	380.0	380.0	4.75012691759	0.933504483307	27.44608
TJPBXD06C16B1I	127.0	127.0	3.25417696388	0.778234389972	6.38486
TJPBXD06C16B2C	309.0	309.0	5.15208115984	0.938668865866	22.34797
TJPBXD06C16B2I	141.0	141.0	3.71171966225	0.85860661543	7.82866
TJPBXD06C17B1C	297.0	297.0	6.19344579326	0.97491134627	21.15561
TJPBXD06C17B1I	156.0	156.0	4.18851460496	0.9275747712	8.95668
TJPBXD06C17B2C	306.0	306.0	5.06062497532	0.95153190086	22.01908
TJPBXD06C19B1C	339.0	339.0	5.14270568978	0.952528163838	20.87165
TJPBXD06C19B1I	145.0	145.0	3.94992052835	0.889292736498	10.97082
TJPBXD06C19B2C	299.0	299.0	4.54025658114	0.915721229237	20.01786
TJPBXD06C19B2I	139.0	139.0	4.04285927865	0.915985797723	7.88916
TJPBXD06C21B1C	367.0	367.0	3.20424673958	0.729271325394	22.06589
TJPBXD06C21B1I	183.0	183.0	2.4748788879	0.651046211858	10.75285
TJPBXD06C21B2C	408.0	408.0	5.4169847264	0.957448270069	20.18163
TJPBXD06C22B1C	211.0	211.0	5.06213995881	0.93851011546	10.99458
TJPBXD06C22B1I	254.0	254.0	4.19524482435	0.923828828358	15.89373
TJPBXD06C22B2C	191.0	191.0	4.10399731782	0.904266412047	9.4448
TJPBXD06C24B1C	148.0	148.0	4.92957391495	0.947335693777	9.44148
TJPBXD06C24B1I	187.0	187.0	3.87414769062	0.789343508292	11.87178
TJPBXD06C24B2C	152.0	152.0	2.80791267496	0.685081797695	9.49224
TJPBXD06C24B2I	163.0	163.0	3.18400462898	0.721254330802	11.48867
TJPBXD06C25B1C	367.0	367.0	5.10592611891	0.914671554347	20.1489
TJPBXD06C25B1I	285.0	285.0	5.88784305939	0.972695006319	14.43123
TJPBXD06C25B2C	290.0	290.0	5.11347319572	0.941525477553	14.79276
TJPBXD06C25B2I	250.0	250.0	3.90763981854	0.850222632839	14.07458
TJPBXD06C27B1C	219.0	219.0	3.32664902046	0.857184515119	17.40193
TJPBXD06C27B2C	239.0	239.0	3.4201183306	0.870223386015	18.25961
TJPBXD06C30B1C	320.0	320.0	5.64527733359	0.967688597736	14.20478
TJPBXD06C30B1I	328.0	328.0	3.97875287674	0.861589387781	16.73671
TJPBXD06C30B2C	273.0	273.0	5.64011309858	0.968396428133	13.5871
TJPBXD06C30B2I	261.0	261.0	4.44844227672	0.935351023703	15.37342
TJPBXD06C31B1C	309.0	309.0	5.07914439007	0.936493458851	21.00462
TJPBXD06C31B1I	90.0	90.0	1.50619201443	0.541112508897	7.8896
TJPBXD06C31B2C	302.0	302.0	4.30803111472	0.908653554821	21.77753
TJPBXD06C31B2I	90.0	90.0	1.58561109756	0.469256735421	6.79048
TJPBXD06C32B1C	133.0	133.0	3.83208481596	0.871598332413	7.53656
TJPBXD06C32B2C	189.0	189.0	3.75965957424	0.825404132037	9.56239
TJPBXD06C33B1C	213.0	213.0	4.14151280886	0.892107786196	16.54033
TJPBXD06C33B1I	64.0	64.0	2.56958700351	0.67364410865	4.96369
TJPBXD06C33B2C	255.0	255.0	4.93348099331	0.890002967107	18.84245
TJPBXD06C33B2I	107.0	107.0	4.23084226397	0.934446688433	7.02081
TJPBXD06C35B1C	190.0	190.0	4.61113997098	0.933814450526	11.24189
TJPBXD06C35B1I	228.0	228.0	4.27230219637	0.904315941412	13.73279
TJPBXD06C35B2C	272.0	272.0	2.40268345005	0.554737628837	14.99058
TJPBXD06C35B2I	154.0	154.0	2.23109093874	0.638763074399	10.04187
TJPBXD06C38B1C	256.0	256.0	4.11879290057	0.864105602279	16.47841
TJPBXD06C38B1I	162.0	162.0	4.54626964698	0.926243191072	10.65968
TJPBXD06C38B2C	302.0	302.0	5.06232466002	0.941359789224	19.22549
TJPBXD06C38B2I	170.0	170.0	4.84209119845	0.948044312313	9.25983
TJPBXD06C40B1C	210.0	210.0	4.6280211097	0.93057314954	11.5982
TJPBXD06C40B1I	198.0	198.0	2.96252642667	0.692079332473	12.45119
TJPBXD06C40B2C	187.0	187.0	3.77841030407	0.780985608312	10.04745
TJPBXD06C40B2I	184.0	184.0	4.68282590092	0.940668059399	13.53455
TJPBXD06C41B1C	187.0	187.0	4.65315462929	0.918922243451	10.72642
TJPBXD06C41B1I	78.0	78.0	2.31088732763	0.681482181314	6.58084
TJPBXD06C41B2C	143.0	143.0	2.73167718788	0.721346607665	7.83683
TJPBXD06C42B1C	393.0	393.0	4.87965134838	0.94042382751	25.28166
TJPBXD06C42B1I	135.0	135.0	2.16736475521	0.707018876288	10.65688
TJPBXD06C42B2C	357.0	357.0	5.53717029027	0.958389172849	23.62146
TJPBXD06C42B2I	228.0	228.0	4.51048426487	0.924374676749	14.71058
TJPBXD06C43B1C	373.0	373.0	5.09739180075	0.946711906125	22.5329
TJPBXD06C43B1I	131.0	131.0	4.28921788848	0.934739654366	6.08874
TJPBXD06C43B2C	283.0	283.0	4.74568214657	0.929681447474	20.04576
TJPBXD06C46B1C	231.0	231.0	5.53010636501	0.962411140074	11.35681
TJPBXD06C46B1I	248.0	248.0	4.12018564882	0.854482078608	14.00427
TJPBXD06C46B2C	245.0	245.0	5.00670484334	0.934572766531	12.2922
TJPBXD06C46B2I	211.0	211.0	2.39582880186	0.630960876841	15.13243
TJPBXD06C47B1C	366.0	366.0	4.32151141259	0.894857473216	18.03546
TJPBXD06C47B1I	240.0	240.0	4.58691133626	0.933878302042	13.22845
TJPBXD06C47B2C	296.0	296.0	4.30602190498	0.884005876647	15.35015
TJPBXD06C47B2I	249.0	249.0	3.46383415502	0.824750911562	14.89711
TJPBXD06C48B1C	255.0	255.0	5.19928199119	0.941735217153	12.47732
TJPBXD06C48B1I	95.0	95.0	4.23215210997	0.90769330772	6.11552
TJPBXD06C48B2C	196.0	196.0	4.65480787529	0.921618169987	11.27614
TJPBXD06C49B1C	60.0	60.0	3.45339375959	0.86757547602	5.57903
TJPBXD06C49B1I	237.0	237.0	2.04063198518	0.495352743018	15.67873
TJPBXD06C49B2C	168.0	168.0	3.47287871187	0.803757102214	10.34764
TJPBXD06C49B2I	337.0	337.0	3.00569331765	0.714656912295	20.31223
TJPBXD06C51B1C	198.0	198.0	4.05041124164	0.86478082028	11.83059
TJPBXD06C51B2C	229.0	229.0	4.68154283324	0.90037097225	12.23975
TJPBXD06C52B1C	281.0	281.0	4.32158377697	0.91166927355	18.92528
TJPBXD06C52B1I	100.0	100.0	2.78220192815	0.784583628392	7.45313
TJPBXD06C52B2C	402.0	402.0	4.96415033959	0.921952706766	25.03372
TJPBXD06C52B2I	109.0	109.0	4.68068754866	0.93367736679	7.1811
TJPBXD06C54B1C	294.0	294.0	5.35633593029	0.947038498673	15.52431
TJPBXD06C54B1I	236.0	236.0	3.93011308751	0.843874653563	14.66316
TJPBXD06C54B2C	181.0	181.0	4.34287075622	0.841766250151	12.28645
TJPBXD06C54B2I	146.0	146.0	4.08487395962	0.899696930193	9.36321
TJPBXD06C56B1C	338.0	338.0	4.86191045178	0.92510137687	21.04007
TJPBXD06C56B1I	66.0	66.0	2.86605364464	0.745943757071	5.73907
TJPBXD06C56B2C	312.0	312.0	4.17382858413	0.871906951176	19.53718
TJPBXD06C56B2I	114.0	114.0	3.78105590724	0.834393399574	7.74784
TJPBXD06C57B1C	165.0	165.0	4.08977016173	0.871869640331	9.87794
TJPBXD06C57B1I	81.0	81.0	3.11221861877	0.738915706242	5.90689
TJPBXD06C57B2C	320.0	320.0	5.32683746655	0.934064505868	15.83982
TJPBXD06C57B2I	64.0	64.0	2.29645330945	0.618571969651	6.00656
TJPBXD06C58B1C	291.0	291.0	4.55603315785	0.881612656344	15.58198
TJPBXD06C58B1I	159.0	159.0	3.38611923393	0.818224227399	8.87463
TJPBXD06C58B2C	397.0	397.0	4.91409415146	0.935912144664	22.31391
TJPBXD06C58B2I	259.0	259.0	4.314303249	0.902099249642	14.37075
TJPBXD06C59B1C	233.0	233.0	4.57958284857	0.887987378529	12.35333
TJPBXD06C59B1I	258.0	258.0	4.37101309505	0.742178047025	16.77956
TJPBXD06C59B2C	173.0	173.0	4.10682598874	0.891987678918	9.95012
TJPBXD06C59B2I	126.0	126.0	2.32231026394	0.703646474066	11.53607
TJPBXD06C62B1C	321.0	321.0	4.55950894386	0.892330399251	17.96258
TJPBXD06C62B1I	127.0	127.0	4.34257311681	0.90721962172	8.07877
TJPBXD06C62B2C	224.0	224.0	4.12458549072	0.822175161262	17.7561
TJPBXD06C62B2I	152.0	152.0	3.77721608241	0.861013281104	8.14085
TJPBXD06C64B1C	279.0	279.0	3.66465746466	0.852073957009	20.52836
TJPBXD06C64B1I	71.0	71.0	3.30529024064	0.8271509122	6.2669
TJPBXD06C64B2C	289.0	289.0	4.84911310408	0.93428391199	21.42561
TJPBXD06C64B2I	138.0	138.0	2.29561941001	0.676594151099	10.32855
TJPBXD13C01B1C	309.0	309.0	5.62224984733	0.963984066154	15.01538
TJPBXD13C01B1I	194.0	194.0	3.85552326349	0.865266529445	11.37303
TJPBXD13C01B2C	203.0	203.0	5.15366935558	0.945421141189	11.32023
TJPBXD13C01B2I	149.0	149.0	4.00839116453	0.876797844543	10.0838
TJPBXD13C03B1C	244.0	244.0	4.84335759356	0.941148626338	13.62992
TJPBXD13C03B1I	171.0	171.0	1.96564720842	0.664295251339	13.79063
TJPBXD13C03B2C	163.0	163.0	4.36033437367	0.903124076018	10.20307
TJPBXD13C03B2I	124.0	124.0	2.07347174929	0.679019538918	11.33644
TJPBXD13C04B1C	320.0	320.0	5.14368210037	0.939467233157	18.95327
TJPBXD13C04B1I	269.0	269.0	2.92637111514	0.722944653315	22.63981
TJPBXD13C04B2C	299.0	299.0	5.44834804145	0.944079107404	17.98093
TJPBXD13C04B2I	139.0	139.0	3.50003549442	0.841289280092	10.58852
TJPBXD13C05B1C	354.0	354.0	5.58281184079	0.96459726491	16.6309
TJPBXD13C05B1I	105.0	105.0	4.39527103896	0.908946091357	10.33476
TJPBXD13C05B2C	203.0	203.0	4.49370370318	0.895928157104	11.92673
TJPBXD13C05B2I	206.0	206.0	3.0509424371	0.7764112949	13.59137
TJPBXD13C06B1C	2204.0	313.0	5.56304177684	0.963692419179	15.85736
TJPBXD13C06B1I	288.0	288.0	2.97256931498	0.745555737073	16.75787
TJPBXD13C06B2C	236.0	236.0	4.86649136142	0.935928883143	13.18166
TJPBXD13C06B2I	105.0	105.0	1.46657495482	0.52601304879	10.31973
TJPBXD13C08B1C	201.0	201.0	4.63188450156	0.925782463115	11.79132
TJPBXD13C08B1I	263.0	263.0	3.86712984914	0.873050661751	17.58663
TJPBXD13C08B2C	564.041666667	378.0	5.6729345914	0.964330857691	19.3235
TJPBXD13C09B1C	165.0	165.0	3.67416489839	0.83294967103	11.29178
TJPBXD13C09B1I	127.0	127.0	1.27154927535	0.391541034552	12.08818
TJPBXD13C09B2C	167.0	167.0	3.0757425794	0.756318531915	10.6154
TJPBXD13C09B2I	127.0	127.0	1.77028547754	0.663326497523	12.49477
TJPBXD13C11B1C	320.0	320.0	6.04776921942	0.976575069248	15.61099
TJPBXD13C11B1I	411.0	411.0	4.94122631466	0.934350065219	22.06454
TJPBXD13C11B2C	348.0	348.0	6.04737160622	0.972892105211	17.70548
TJPBXD13C11B2I	208.0	208.0	1.74421774953	0.472953661698	16.9608
TJPBXD13C14B1C	207.0	207.0	5.32490788031	0.961052981282	11.74562
TJPBXD13C14B1I	68.0	68.0	3.11329072748	0.816301199459	7.464
TJPBXD13C14B2C	238.0	238.0	4.81046652935	0.93565651377	12.53601
TJPBXD13C14B2I	228.0	228.0	2.54661148708	0.749908352145	15.23529
TJPBXD13C16B1C	164.0	164.0	2.35262370216	0.638934526816	12.40081
TJPBXD13C16B1I	98.0	98.0	2.71128866649	0.740268391308	9.15969
TJPBXD13C16B2C	326.0	326.0	5.05450249037	0.938535800223	21.67427
TJPBXD13C16B2I	153.0	153.0	2.27758139041	0.650968486819	12.93046
TJPBXD13C17B1C	289.0	289.0	5.3088502641	0.952903178421	15.12441
TJPBXD13C17B1I	198.0	198.0	2.11244227552	0.642639918432	14.9072
TJPBXD13C17B2C	295.0	295.0	5.45921217899	0.958288973305	14.59886
TJPBXD13C17B2I	2897.0	196.0	3.28025601329	0.821648165102	13.78644
TJPBXD13C19B1C	176.0	176.0	3.53727315804	0.834474631296	11.44807
TJPBXD13C19B1I	168.0	168.0	1.81951158903	0.670771505967	13.55777
TJPBXD13C19B2C	288.0	288.0	5.37215565538	0.942873906691	15.72842
TJPBXD13C19B2I	194.0	194.0	2.47299479	0.710620549699	13.754
TJPBXD13C21B1C	522.444444444	456.0	5.91381478989	0.966095754194	23.84598
TJPBXD13C21B1I	276.0	276.0	3.41150430586	0.822610274622	17.09804
TJPBXD13C21B2C	311.0	311.0	4.11855419879	0.854729116648	18.4396
TJPBXD13C21B2I	104.0	104.0	0.980321583389	0.240546857566	10.41847
TJPBXD13C22B1C	266.0	266.0	5.74711750451	0.97154495564	13.27633
TJPBXD13C22B1I	176.0	176.0	3.39442850348	0.805127787737	11.25421
TJPBXD13C22B2C	183.0	183.0	3.9895368017	0.918345283953	10.48593
TJPBXD13C22B2I	1342.0	166.0	2.1389357325	0.675543793373	11.38922
TJPBXD13C24B1C	239.0	239.0	5.40998043021	0.957950796931	13.24825
TJPBXD13C24B1I	212.0	212.0	4.18654240313	0.89650442357	13.51159
TJPBXD13C24B2C	240.0	240.0	5.046613952	0.944170618574	12.91234
TJPBXD13C24B2I	290.0	290.0	3.26667208073	0.747318413461	17.47571
TJPBXD13C25B1C	571.118421053	474.0	5.64387725986	0.964009545392	24.85531
TJPBXD13C25B1I	147.0	147.0	3.22917875484	0.870648001536	11.48332
TJPBXD13C25B2C	298.0	298.0	5.55138464039	0.950749196735	18.59324
TJPBXD13C25B2I	110.0	110.0	0.788415695283	0.18134179741	10.48579
TJPBXD13C27B1C	305.0	305.0	5.58755913658	0.962543305796	16.29901
TJPBXD13C27B1I	343.0	343.0	4.02438007568	0.856366593109	20.92002
TJPBXD13C27B2C	184.0	184.0	3.48442533314	0.760616656397	10.38113
TJPBXD13C27B2I	190.0	190.0	2.66110665149	0.756966341656	13.73853
TJPBXD13C30B1C	309.0	309.0	5.69057669191	0.963452071999	15.83279
TJPBXD13C30B1I	458.0	458.0	5.31639985444	0.921242057727	25.24053
TJPBXD13C30B2C	344.0	344.0	5.92673463228	0.969891455544	17.71297
TJPBXD13C30B2I	255.0	255.0	5.24615784527	0.953052388343	16.13225
TJPBXD13C31B1C	286.0	286.0	4.97781167423	0.921580147097	14.81216
TJPBXD13C31B1I	216.0	216.0	2.40497488184	0.702581152406	14.45337
TJPBXD13C31B2C	241.0	241.0	5.16361344637	0.949156003509	13.34788
TJPBXD13C32B1C	310.0	310.0	5.80787482858	0.970793184526	15.21215
TJPBXD13C32B1I	409.0	409.0	3.69073331733	0.796865618652	25.11532
TJPBXD13C32B2C	292.0	292.0	4.63004239715	0.889119881959	14.39136
TJPBXD13C32B2I	103.0	103.0	2.13871986609	0.666973963617	10.27763
TJPBXD13C33B1C	248.0	248.0	5.47774952047	0.962427805885	13.12774
TJPBXD13C33B2C	278.0	278.0	4.70161547345	0.928662521939	11.85189
TJPBXD13C33B2I	100.0	100.0	2.933822051	0.77391696033	8.62764
TJPBXD13C35B1C	299.0	299.0	4.48267094271	0.883804856348	17.96901
TJPBXD13C35B1I	147.0	147.0	2.39300357666	0.699944345681	10.05972
TJPBXD13C35B2C	312.0	312.0	5.09738386901	0.936608775361	19.86409
TJPBXD13C38B1C	281.0	281.0	5.18611963166	0.948488548149	15.91001
TJPBXD13C38B1I	89.0	89.0	1.92268799574	0.593171455305	9.48688
TJPBXD13C38B2C	272.0	272.0	5.74401077732	0.970582266546	14.88008
TJPBXD13C38B2I	84.0	84.0	1.6195236284	0.602297013475	10.01891
TJPBXD13C40B1C	181.0	181.0	4.6383673818	0.930731357164	9.48206
TJPBXD13C40B1I	342.0	342.0	4.79285321927	0.908406502178	19.17889
TJPBXD13C40B2C	252.0	252.0	5.03871527783	0.947604066325	14.36005
TJPBXD13C40B2I	291.0	291.0	2.54308528374	0.718874106288	19.21414
TJPBXD13C41B1C	343.0	343.0	5.88041252047	0.962225280499	17.01458
TJPBXD13C41B1I	396.0	396.0	4.97419631626	0.932346358063	21.44739
TJPBXD13C41B2C	290.0	290.0	4.9031288474	0.933467010638	13.89703
TJPBXD13C41B2I	114.0	114.0	1.62794404145	0.598657991327	10.17707
TJPBXD13C42B1C	264.0	264.0	4.90091902728	0.934964178823	15.63953
TJPBXD13C42B1I	108.0	108.0	1.4331836315	0.397252513915	10.73689
TJPBXD13C42B2C	380.0	380.0	6.11209083959	0.975402781482	18.74353
TJPBXD13C42B2I	94.0	94.0	0.874255242951	0.255916648498	11.90374
TJPBXD13C43B1C	297.0	297.0	4.38089981641	0.860912170495	13.89469
TJPBXD13C43B1I	235.0	235.0	3.20178888353	0.797863881061	15.21869
TJPBXD13C43B2C	279.0	279.0	5.45225976408	0.962934339757	14.36824
TJPBXD13C43B2I	189.0	189.0	2.23272765882	0.731206913201	15.50471
TJPBXD13C46B1C	276.0	276.0	5.98435202695	0.976946624099	15.27065
TJPBXD13C46B1I	423.0	423.0	4.04818229282	0.839756645834	23.5467
TJPBXD13C46B2C	499.75	442.0	6.19280664985	0.974127556412	19.63526
TJPBXD13C46B2I	207.0	207.0	4.76326142871	0.943698297405	12.0496
TJPBXD13C47B1C	251.0	251.0	4.86527985568	0.936520258281	16.08611
TJPBXD13C47B1I	268.0	268.0	3.53074965017	0.798036096602	18.64214
TJPBXD13C47B2C	323.0	323.0	6.01586690276	0.972180639271	20.51563
TJPBXD13C47B2I	137.0	137.0	3.21940321179	0.847103803226	10.66425
TJPBXD13C48B1C	268.0	268.0	4.5889966744	0.92561040654	15.03673
TJPBXD13C48B1I	127.0	127.0	1.7711463844	0.468740729825	10.55311
TJPBXD13C48B2C	232.0	232.0	5.23043689748	0.948006980569	13.99002
TJPBXD13C48B2I	66.0	66.0	3.10010076524	0.814596070939	9.59078
TJPBXD13C49B1C	283.0	283.0	5.35874837786	0.955796366924	15.48445
TJPBXD13C49B1I	117.0	117.0	4.17439302795	0.817875830422	9.94039
TJPBXD13C49B2C	294.0	294.0	5.61543724679	0.959465681159	15.11379
TJPBXD13C49B2I	188.0	188.0	2.32997214516	0.72589187289	12.93533
TJPBXD13C51B1C	309.0	309.0	5.36345368676	0.953921491984	16.08378
TJPBXD13C51B1I	168.0	168.0	1.69002202062	0.560955496482	12.08262
TJPBXD13C51B2C	224.0	224.0	4.162021955	0.88911802048	11.53116
TJPBXD13C51B2I	156.0	156.0	5.58600664289	0.946115221269	14.72226
TJPBXD13C52B1C	298.0	298.0	4.99948493791	0.937480797414	15.46285
TJPBXD13C52B1I	116.0	116.0	4.66722021372	0.953265146531	9.16661
TJPBXD13C52B2C	273.0	273.0	4.45997522822	0.89031884908	15.47646
TJPBXD13C52B2I	68.0	68.0	3.70598041039	0.873961088478	8.07399
TJPBXD13C54B1C	329.0	329.0	5.74454586431	0.964144393218	18.02462
TJPBXD13C54B1I	291.0	291.0	3.72435578785	0.79309826626	17.79751
TJPBXD13C54B2C	260.0	260.0	5.9523863551	0.973837429369	16.83683
TJPBXD13C54B2I	95.0	95.0	4.55228567176	0.950894986778	8.56946
TJPBXD13C56B1C	227.0	227.0	4.38233138193	0.916530630191	12.3508
TJPBXD13C56B1I	214.0	214.0	2.01813838392	0.603741160446	16.06779
TJPBXD13C56B2C	255.0	255.0	5.51007444377	0.962339352587	14.03617
TJPBXD13C56B2I	282.0	282.0	2.12510101505	0.689634402376	18.92716
TJPBXD13C57B1C	363.0	363.0	5.34129491863	0.94967443333	18.0906
TJPBXD13C57B1I	340.0	340.0	3.88269908886	0.843046022117	23.45651
TJPBXD13C57B2C	293.0	293.0	5.39559938559	0.952587702706	14.76281
TJPBXD13C57B2I	66.0	66.0	1.7615526188	0.597104885016	9.57858
TJPBXD13C58B1C	4336.0	420.0	6.15480832673	0.974671135489	22.22488
TJPBXD13C58B1I	86.0	86.0	4.45635541522	0.945619873103	7.77152
TJPBXD13C58B2C	284.0	284.0	4.23991328537	0.908513298457	19.07597
TJPBXD13C58B2I	89.0	89.0	3.32118998127	0.802919881284	8.93981
TJPBXD13C59B1C	382.0	382.0	5.72009640199	0.966561663833	19.29883
TJPBXD13C59B1I	452.0	452.0	4.47435014031	0.869449079878	24.80749
TJPBXD13C59B2C	286.0	286.0	5.55033440459	0.9539280914	15.11706
TJPBXD13C59B2I	251.0	251.0	3.38382588174	0.792203447233	15.19422
TJPBXD13C62B1C	312.0	312.0	6.07182319117	0.974400009808	16.09
TJPBXD13C62B1I	170.0	170.0	0.623399356232	0.126744939485	14.25695
TJPBXD13C62B2C	252.0	252.0	5.26492174891	0.953563316839	14.20061
TJPBXD13C62B2I	99.0	99.0	3.4993099411	0.823027402213	10.62543
TJPBXD13C64B1C	216.0	216.0	4.47934711665	0.902908913438	12.7709
TJPBXD13C64B1I	161.0	161.0	3.68428343648	0.888472668232	11.83684
TJPBXD13C64B2C	289.0	289.0	5.42257603613	0.957557711182	15.57688
TJPBXD13C64B2I	95.0	95.0	1.40494893396	0.538404614517	9.33278
TJPBXBaseInoc	83.0	83.0	2.48620405243	0.671267637682	8.99638
TJPBXD0I	5427.0	276.0	4.15652561941	0.924990621869	16.37568
TJPBXFMB11Inoc	89.0	89.0	3.38740958896	0.857193366118	9.56727
TJPBXTJInoc	237.0	237.0	4.20669057169	0.88593865253	14.73677